#run  N_plus  N_minus  A_raw  dA_stat
3249 33 40 -0.0958904 0.000186788
3227 29 40 -0.15942 0.000207354
3223 244 259 -0.0298211 3.95067e-06
3214 80 83 -0.0184049 3.76315e-05
3213 137 131 0.0223881 1.39194e-05
2990 52 36 0.181818 0.00012698
2989 141 142 -0.00353357 1.2486e-05
2988 21 24 -0.0666667 0.000492729
2986 26 30 -0.0714286 0.000318063
2729 381 324 0.0808511 2.00538e-06
2985 173 142 0.0984127 1.00292e-05
2728 308 292 0.0266667 2.77679e-06
2770 151 119 0.118519 1.36207e-05
3027 179 127 0.169935 1.05243e-05
2769 310 312 -0.00321543 2.58474e-06
3026 70 67 0.0218978 5.32666e-05
2768 411 388 0.028786 1.56576e-06
3025 66 61 0.0393701 6.19521e-05
2767 465 396 0.0801394 1.3446e-06
3024 43 52 -0.0947368 0.000110305
2766 343 326 0.0254111 2.23361e-06
2763 290 276 0.024735 3.12057e-06
3020 97 95 0.0104167 2.71253e-05
2984 171 175 -0.0115607 8.35254e-06
2727 291 319 -0.0459016 2.68462e-06
2730 128 102 0.113043 1.87824e-05
2983 95 62 0.210191 3.96633e-05
2726 391 352 0.0524899 1.80894e-06
2981 5 5 0 0.01
2724 351 343 0.0115274 2.07612e-06
2725 358 324 0.0498534 2.14729e-06
2723 341 311 0.0460123 2.34987e-06
2976 20 17 0.0810811 0.000728055
2719 327 319 0.0123839 2.39608e-06
2722 400 317 0.11576 1.93211e-06
2721 375 345 0.0416667 1.92734e-06
2974 78 68 0.0684932 4.68029e-05
2717 392 351 0.0551817 1.80867e-06
2720 323 319 0.00623053 2.42617e-06
2973 52 53 -0.00952381 9.06988e-05
2716 382 433 -0.0625767 1.50256e-06
2718 378 413 -0.0442478 1.59669e-06
2971 7 4 0.272727 0.00795117
2714 388 384 0.00518135 1.67787e-06
2970 46 40 0.0697674 0.000134879
2713 88 83 0.0292398 3.41839e-05
2715 327 278 0.0809917 2.72308e-06
2968 93 70 0.141104 3.72613e-05
2711 501 435 0.0705128 1.13859e-06
2967 40 32 0.111111 0.000191707
2710 90 83 0.0404624 3.3385e-05
2966 64 67 -0.0229008 5.82564e-05
3250 28 19 0.191489 0.000444316
2709 231 260 -0.0590631 4.14074e-06
2712 409 404 0.00615006 1.5129e-06
2964 50 48 0.0204082 0.000104102
3248 129 181 -0.167742 1.02584e-05
2707 267 265 0.0037594 3.53324e-06
3247 194 183 0.0291777 7.03287e-06
2706 526 483 0.0426165 9.81348e-07
2959 40 48 -0.0909091 0.000128598
3243 113 124 -0.0464135 1.77842e-05
2702 476 495 -0.0195675 1.06042e-06
3246 165 170 -0.0149254 8.90968e-06
2705 366 360 0.00826446 1.89719e-06
3245 184 197 -0.0341207 6.88489e-06
2704 392 375 0.0221643 1.69943e-06
3244 181 151 0.0903614 9.03532e-06
2703 413 406 0.00854701 1.49079e-06
3242 168 179 -0.0317003 8.30085e-06
2701 423 431 -0.00936768 1.37109e-06
3241 196 149 0.136232 8.32327e-06
2700 486 464 0.0231579 1.10774e-06
3240 182 154 0.0833333 8.8269e-06
2699 475 461 0.0149573 1.1413e-06
3239 24 19 0.116279 0.000537164
2698 441 433 0.00915332 1.30906e-06
2697 378 403 -0.0320102 1.63861e-06
2696 280 287 -0.0123457 3.11029e-06
2765 253 224 0.0607966 4.38691e-06
3022 21 26 -0.106383 0.000450125
3152 163 168 -0.0151057 9.12629e-06
2764 284 287 -0.00525394 3.06706e-06
3021 89 92 -0.0165746 3.05199e-05
3151 114 106 0.0363636 2.06475e-05
3149 12 14 -0.0769231 0.00147491
2694 447 452 -0.00556174 1.2373e-06
2634 89 107 -0.0918367 2.59208e-05
2693 315 326 -0.0171607 2.43344e-06
2692 437 432 0.00575374 1.3242e-06
2632 141 143 -0.00704225 1.2398e-05
2691 360 341 0.0271041 2.03425e-06
3205 236 208 0.0630631 5.06254e-06
2631 402 324 0.107438 1.88628e-06
3231 78 69 0.0612245 4.61902e-05
2690 259 280 -0.038961 3.43948e-06
3204 228 220 0.0178571 4.98167e-06
3230 235 250 -0.0309278 4.24922e-06
2689 401 377 0.0308483 1.65133e-06
2629 368 359 0.0123796 1.8919e-06
3229 233 225 0.0174672 4.76653e-06
2688 365 339 0.0369318 2.01631e-06
2628 228 246 -0.0379747 4.44764e-06
3228 224 212 0.0275229 5.25851e-06
2687 387 339 0.0661157 1.89311e-06
2627 378 354 0.0327869 1.86528e-06
3141 137 141 -0.0143885 1.29379e-05
3140 72 68 0.0285714 5.09996e-05
3226 257 286 -0.053407 3.38673e-06
2685 314 342 -0.0426829 2.32165e-06
3199 258 229 0.0595483 4.20892e-06
2613 342 318 0.0363636 2.29417e-06
3127 50 48 0.0204082 0.000104102
2995 166 182 -0.045977 8.24863e-06
2614 163 145 0.0584416 1.05234e-05
2996 19 19 0 0.000692521
2615 309 302 0.0114566 2.67848e-06
3215 213 192 0.0518519 6.08843e-06
2674 416 422 -0.0071599 1.42397e-06
2997 107 120 -0.0572687 1.93747e-05
2616 287 299 -0.0204778 2.91148e-06
2646 318 331 -0.0200308 2.37369e-06
2998 202 163 0.106849 7.46313e-06
3217 230 227 0.00656455 4.78805e-06
2676 367 383 -0.0213333 1.77737e-06
3188 171 162 0.027027 9.01473e-06
2647 331 372 -0.0583215 2.01999e-06
2999 209 179 0.0773196 6.62269e-06
3218 25 20 0.111111 0.000490769
2677 306 348 -0.0642202 2.33317e-06
2648 275 283 -0.0143369 3.21134e-06
3000 89 80 0.0532544 3.49631e-05
3160 206 195 0.0274314 6.21653e-06
2619 290 258 0.0583942 3.32428e-06
3219 220 221 -0.00226757 5.14188e-06
2678 15 14 0.0344828 0.00118835
3190 245 199 0.103604 5.04534e-06
2649 53 62 -0.0782609 7.53825e-05
3001 50 59 -0.0825688 8.38806e-05
3161 212 206 0.0143541 5.72272e-06
2620 369 353 0.0221607 1.91787e-06
3134 212 207 0.0119332 5.69562e-06
3220 230 241 -0.0233546 4.5065e-06
2679 367 357 0.0138122 1.90757e-06
3193 86 98 -0.0652174 2.9474e-05
3162 218 197 0.0506024 5.79892e-06
2621 272 282 -0.0180505 3.25769e-06
3135 210 178 0.0824742 6.61995e-06
3221 97 78 0.108571 3.246e-05
2680 459 439 0.0222717 1.23977e-06
3194 230 203 0.0623557 5.32327e-06
3003 60 49 0.100917 8.37383e-05
3163 234 183 0.122302 5.70762e-06
2622 261 276 -0.027933 3.46643e-06
3136 186 177 0.0247934 7.58671e-06
3222 355 312 0.0644678 2.24308e-06
2681 343 334 0.0132939 2.18165e-06
3195 247 232 0.0313152 4.35628e-06
3138 118 103 0.0678733 2.04274e-05
3224 52 49 0.029703 9.79864e-05
2683 203 202 0.00246914 6.09661e-06
3197 207 167 0.106952 7.10818e-06
3139 55 43 0.122449 0.00010334
3225 232 247 -0.0313152 4.35628e-06
2684 329 259 0.119048 2.87174e-06
3198 201 215 -0.0336538 5.7752e-06
3191 191 157 0.0977011 8.21786e-06
2650 406 406 0 1.51666e-06
2623 171 153 0.0555556 9.51127e-06
3164 197 182 0.0395778 6.95635e-06
3192 201 177 0.0634921 6.98456e-06
2651 370 349 0.0292072 1.93356e-06
2624 319 328 -0.0139104 2.38863e-06
3165 102 124 -0.0973451 1.94857e-05
3201 260 225 0.0721649 4.24016e-06
2660 343 362 -0.0269504 2.01124e-06
2633 287 318 -0.0512397 2.72846e-06
3174 179 173 0.0170455 8.06959e-06
3202 248 222 0.0553191 4.52e-06
2661 299 298 0.00167504 2.80576e-06
3203 32 29 0.0491803 0.00026842
2662 123 139 -0.0610687 1.45407e-05
2635 564 507 0.0532213 8.70573e-07
3176 202 199 0.0074813 6.21869e-06
2667 379 375 0.00530504 1.75894e-06
3181 23 26 -0.0612245 0.000415712
2668 404 385 0.0240811 1.60591e-06
3182 193 179 0.0376344 7.22115e-06
2669 407 443 -0.0423529 1.38284e-06
3183 184 185 -0.00271003 7.34422e-06
2670 406 392 0.0175439 1.5701e-06
3184 148 146 0.00680272 1.1569e-05
3212 28 27 0.0181818 0.000330524
2671 400 369 0.0403121 1.68964e-06
3185 177 158 0.0567164 8.89633e-06
2695 431 381 0.0615764 1.51378e-06
3004 240 229 0.0234542 4.54501e-06
3005 172 158 0.0424242 9.17447e-06
3006 85 83 0.0119048 3.54283e-05
3007 220 184 0.0891089 6.10248e-06
3008 89 109 -0.10101 2.53771e-05
3009 72 56 0.125 6.05564e-05
3011 112 125 -0.0548523 1.77766e-05
3013 68 76 -0.0555556 4.81508e-05
3014 113 118 -0.021645 1.87359e-05
3016 87 96 -0.0491803 2.98244e-05
3017 68 69 -0.00729927 5.32779e-05
3018 74 103 -0.163842 3.1488e-05
3019 59 73 -0.106061 5.70684e-05
3028 163 154 0.0283912 9.94733e-06
3029 62 57 0.0420168 7.05541e-05
3030 126 138 -0.0454545 1.43332e-05
3035 228 231 -0.00653595 4.74641e-06
3036 168 175 -0.0204082 8.49809e-06
3037 44 46 -0.0222222 0.000123426
3038 283 250 0.0619137 3.51327e-06
3039 60 58 0.0169492 7.18081e-05
3043 242 227 0.0319829 4.54393e-06
3045 278 244 0.0651341 3.66215e-06
3046 116 108 0.0357143 1.99171e-05
3047 40 35 0.0666667 0.000177382
3048 260 206 0.11588 4.57396e-06
3049 301 276 0.0433276 3.00082e-06
3050 266 267 -0.00187617 3.52002e-06
3051 217 224 -0.015873 5.14124e-06
3052 140 144 -0.0140845 1.23971e-05
3054 71 68 0.0215827 5.17451e-05
3055 68 70 -0.0144928 5.25045e-05
3058 151 128 0.0824373 1.2803e-05
3059 110 130 -0.0833333 1.73007e-05
3061 90 87 0.0169492 3.19147e-05
3062 96 92 0.0212766 2.82869e-05
3063 132 126 0.0232558 1.50191e-05
3064 152 140 0.0410959 1.17184e-05
3065 114 91 0.112195 2.36451e-05
3068 114 141 -0.105882 1.52923e-05
3069 33 45 -0.153846 0.000162409
3075 105 80 0.135135 2.89504e-05
3076 79 94 -0.0867052 3.32866e-05
3077 243 246 -0.00613497 4.1819e-06
3079 230 220 0.0222222 4.93705e-06
3080 109 118 -0.0396476 1.93913e-05
3082 178 175 0.00849858 8.02481e-06
3089 248 216 0.0689655 4.63371e-06
3090 166 134 0.106667 1.10477e-05
3091 185 184 0.00271003 7.34422e-06
3092 248 209 0.0853392 4.77068e-06
3093 88 89 -0.00564972 3.19188e-05
3108 169 134 0.115512 1.08193e-05
3109 158 144 0.0463576 1.09526e-05
3110 168 141 0.0873786 1.04332e-05
3111 43 45 -0.0227273 0.000129099
3112 163 203 -0.10929 7.42042e-06
3113 144 130 0.0510949 1.33024e-05
3114 187 147 0.11976 8.89959e-06
3115 165 159 0.0185185 9.52435e-06
3116 133 127 0.0230769 1.4789e-05
3117 131 108 0.0962343 1.74254e-05
3118 110 120 -0.0434783 1.88857e-05
3119 117 107 0.0446429 1.991e-05
3120 113 138 -0.0996016 1.57938e-05
3121 88 65 0.150327 4.22332e-05
3122 156 139 0.0576271 1.14719e-05
3123 156 167 -0.0340557 9.5795e-06
3124 112 110 0.00900901 2.02897e-05
3126 179 131 0.154839 1.02803e-05
3150 8 20 -0.428571 0.00115243
2617 314 309 0.00802568 2.57638e-06
3158 16 17 -0.030303 0.000917852
2618 427 421 0.00707547 1.39058e-06
3159 203 236 -0.0751708 5.17417e-06
2625 371 331 0.0569801 2.02591e-06
3166 175 185 -0.0277778 7.71307e-06
2626 364 329 0.0505051 2.0796e-06
3167 194 195 -0.00257069 6.60845e-06
2630 34 28 0.0967742 0.000258925
3171 68 79 -0.0748299 4.61473e-05
3177 173 217 -0.112821 6.53265e-06
2637 382 346 0.0494505 1.88454e-06
3178 194 192 0.00518135 6.7115e-06
2638 300 286 0.0238908 2.91126e-06
3179 220 233 -0.0286976 4.87107e-06
3180 208 206 0.00483092 5.83437e-06
3186 101 119 -0.0818182 2.05919e-05
3196 232 249 -0.035343 4.31955e-06
2659 358 365 -0.00968188 1.91295e-06
3200 244 215 0.0631808 4.73703e-06
