#run N+ N- A_raw dA_raw beamPol dBeam targetPol dTgt
2613 57 52 0.0458716 0.0956818 86.488 0.08 42.1704 0.49615
2614 30 23 0.132075 0.136157 86.488 0.08 42.4994 0.464507
2615 48 65 -0.150442 0.0930014 86.488 0.08 42.948 0.439743
2616 34 51 -0.2 0.106274 86.488 0.08 43.1854 0.477702
2617 53 55 -0.0185185 0.0962085 86.488 0.08 43.1932 0.455414
2618 73 60 0.0977444 0.0862958 86.488 0.08 43.2011 0.46389
2619 57 32 0.280899 0.101732 86.488 0.08 43.3135 0.478165
2620 60 51 0.0810811 0.0946033 86.488 0.08 43.4609 0.466754
2621 49 50 -0.010101 0.100499 86.488 0.08 43.3956 0.487549
2622 51 45 0.0625 0.101863 86.488 0.08 43.201 0.464567
2623 39 19 0.344828 0.123253 86.488 0.08 43.0122 0.458604
2624 52 44 0.0833333 0.101707 86.488 0.08 42.8798 0.490792
2625 60 57 0.025641 0.0924196 86.488 0.08 42.8442 0.49597
2626 59 49 0.0925926 0.0958117 86.488 0.08 42.8617 0.472777
2627 54 64 -0.0847458 0.0917263 86.488 0.08 42.928 0.462548
2628 34 41 -0.0933333 0.114966 86.488 0.08 42.9848 0.495901
2629 71 64 0.0518519 0.0859505 86.488 0.08 43.1565 0.470017
2630 7 3 0.4 0.289828 86.488 0.08 43.3288 0.557659
2631 59 50 0.0825688 0.0954556 86.488 0.08 43.48 0.470793
2632 24 25 -0.0204082 0.142827 86.488 0.08 43.7268 0.487847
2633 51 46 0.0515464 0.1014 86.488 0.08 44.3316 0.481616
2634 15 15 0 0.182574 86.488 0.08 45.0045 0.4742
2635 90 73 0.104294 0.0778989 86.488 0.08 46.5433 0.4936
2637 72 52 0.16129 0.0886269 86.488 0.08 46.2419 0.456475
2638 46 40 0.0697674 0.10757 86.488 0.08 45.9509 0.517639
2646 51 65 -0.12069 0.092169 86.488 0.08 45.1942 0.453278
2647 46 55 -0.0891089 0.0991079 86.488 0.08 44.8955 0.47004
2648 46 52 -0.0612245 0.100826 86.488 0.08 44.6157 0.426816
2649 14 12 0.0769231 0.195535 86.488 0.08 44.4199 0.387426
2650 59 45 0.134615 0.0971655 86.488 0.08 44.6337 0.452118
2651 59 43 0.156863 0.097789 86.488 0.08 45.3032 0.454638
2659 46 40 0.0697674 0.10757 86.488 0.08 45.3086 0.48011
2660 51 47 0.0408163 0.100931 86.488 0.08 45.2006 0.483869
2661 47 45 0.0217391 0.104233 86.488 0.08 44.9846 0.484294
2662 15 28 -0.302326 0.145362 86.488 0.08 44.7177 0.464485
2667 59 48 0.102804 0.0961614 86.488 0.08 44.3189 0.442979
2668 53 57 -0.0363636 0.0952832 86.488 0.08 44.2432 0.425545
2669 56 51 0.046729 0.096568 86.488 0.08 44.3619 0.468208
2670 55 40 0.157895 0.101311 86.488 0.08 44.4838 0.471571
2671 61 51 0.0892857 0.0941137 86.488 0.08 44.4625 0.449031
2674 66 48 0.157895 0.0924837 86.488 0.08 44.2726 0.452961
2676 42 64 -0.207547 0.0950136 86.488 0.08 44.215 0.452124
2677 46 47 -0.0107527 0.103689 86.488 0.08 44.4045 0.458696
2678 3 2 0.2 0.438178 86.488 0.08 44.4949 0.520776
2679 65 49 0.140351 0.0927315 86.488 0.08 44.5836 0.411584
2680 54 52 0.0188679 0.0971113 86.488 0.08 44.7161 0.469538
2681 46 50 -0.0416667 0.101973 86.488 0.08 44.8084 0.456324
2683 35 25 0.166667 0.127294 86.488 0.08 44.9027 0.446156
2684 46 34 0.15 0.110538 86.488 0.08 44.9149 0.461882
2685 43 39 0.0487805 0.1103 86.488 0.08 44.8844 0.474898
2687 54 42 0.125 0.101262 86.488 0.08 44.8452 0.450457
2688 51 38 0.146067 0.104863 86.488 0.08 44.788 0.465796
2689 48 47 0.0105263 0.102592 86.488 0.08 44.7135 0.461943
2690 26 36 -0.16129 0.125337 86.488 0.08 44.6511 0.485197
2691 41 41 0 0.110432 86.488 0.08 44.5913 0.441922
2692 50 65 -0.130435 0.0924538 86.488 0.08 44.5357 0.439838
2693 40 43 -0.0361446 0.109693 86.488 0.08 44.4858 0.466422
2694 65 67 -0.0151515 0.0870288 86.488 0.08 44.6041 0.435982
2695 66 56 0.0819672 0.0902311 86.488 0.08 44.8721 0.438938
2696 30 33 -0.047619 0.125845 86.488 0.08 45.091 0.47451
2697 47 44 0.032967 0.104772 86.488 0.08 45.29 0.482868
2698 55 57 -0.0178571 0.0944761 86.488 0.08 45.4939 0.457985
2699 67 51 0.135593 0.0912073 86.488 0.08 45.6973 0.45928
2700 69 58 0.0866142 0.0884022 86.488 0.08 45.9012 0.440003
2701 58 46 0.115385 0.0974031 86.488 0.08 46.0878 0.465889
2702 76 58 0.134328 0.0856039 86.488 0.08 46.2921 0.430849
2703 52 52 0 0.0980581 86.488 0.08 46.4807 0.466032
2704 53 51 0.0192308 0.0980399 86.488 0.08 46.6963 0.483938
2705 47 34 0.160494 0.109671 86.488 0.08 46.8958 0.511593
2706 64 66 -0.0153846 0.0876954 86.488 0.08 46.9984 0.451391
2707 35 31 0.0606061 0.122865 86.488 0.08 47.0111 0.445994
2709 22 42 -0.3125 0.11874 86.488 0.08 47.03 0.514608
2710 11 13 -0.0833333 0.203414 86.488 0.08 47.0127 0.439819
2711 68 60 0.0625 0.0882155 86.488 0.08 46.9074 0.457253
2712 58 57 0.00869565 0.093247 86.488 0.08 46.7529 0.462743
2713 10 6 0.25 0.242061 86.488 0.08 46.6571 0.593283
2714 51 50 0.00990099 0.0994988 86.488 0.08 46.6672 0.492203
2715 41 33 0.108108 0.115566 86.488 0.08 46.7316 0.509681
2716 60 54 0.0526316 0.0935288 86.488 0.08 46.7827 0.474144
2717 52 45 0.0721649 0.10127 86.488 0.08 46.8165 0.443812
2718 48 50 -0.0204082 0.100994 86.488 0.08 46.8197 0.437689
2719 60 44 0.153846 0.0968907 86.488 0.08 46.8226 0.414789
2720 44 44 0 0.1066 86.488 0.08 46.8285 0.533282
2721 61 53 0.0701754 0.0934277 86.488 0.08 46.8362 0.475568
2722 64 32 0.333333 0.096225 86.488 0.08 46.8434 0.478958
2723 52 45 0.0721649 0.10127 86.488 0.08 46.8777 0.49185
2724 60 44 0.153846 0.0968907 86.488 0.08 46.9281 0.471343
2725 54 56 -0.0181818 0.0953305 86.488 0.08 46.9811 0.469651
2726 65 65 0 0.0877058 86.488 0.08 47.1945 0.437164
2727 48 46 0.0212766 0.103119 86.488 0.08 47.5805 0.492579
2728 58 40 0.183673 0.0992967 86.488 0.08 47.9848 0.465968
2729 58 46 0.115385 0.0974031 86.488 0.08 48.3637 0.497439
2730 21 14 0.2 0.165616 86.488 0.08 48.5529 0.490231
2763 51 37 0.159091 0.105243 86.488 0.08 43.8366 0.450582
2764 41 47 -0.0681818 0.106352 86.488 0.08 44.8134 0.467265
2765 38 28 0.151515 0.12167 86.488 0.08 45.8749 0.510389
2766 52 46 0.0612245 0.100826 86.488 0.08 46.3494 0.468197
2767 72 71 0.00699301 0.0836222 86.488 0.08 46.4742 0.432492
2768 62 54 0.0689655 0.0926266 86.488 0.08 46.6188 0.45525
2769 52 42 0.106383 0.102557 86.488 0.08 39.5967 0.416342
2770 28 20 0.166667 0.142319 86.488 0.08 29.0153 0.307122
2959 25 25 0 0.141421 86.488 0.08 36.8162 0.74279
2964 31 26 0.0877193 0.131943 86.488 0.08 29.8223 0.524703
2966 36 43 -0.0886076 0.112066 86.488 0.08 33.3909 0.611984
2967 24 24 0 0.144338 86.488 0.08 35.5249 0.631122
2968 56 44 0.12 0.0992774 86.488 0.08 37.5615 0.688168
2970 26 28 -0.037037 0.135989 86.488 0.08 39.2836 0.710654
2971 4 2 0.333333 0.3849 86.488 0.08 39.8875 0.638482
2973 21 29 -0.16 0.139599 86.488 0.08 40.5493 0.740197
2974 38 33 0.0704225 0.118384 86.488 0.08 40.9287 0.632855
2976 7 8 -0.0666667 0.257624 86.488 0.08 40.874 0.706845
2981 1 3 -0.5 0.433013 86.488 0.08 40.8158 0.91052
2983 42 35 0.0909091 0.113489 86.488 0.08 40.728 0.645661
2984 86 69 0.109677 0.0798374 86.488 0.08 40.5914 0.675678
2985 74 65 0.0647482 0.0846409 86.488 0.08 40.4805 0.683645
2986 10 16 -0.230769 0.190823 86.488 0.08 40.4452 0.736903
2988 8 8 0 0.25 86.488 0.08 40.4127 0.751608
2989 69 75 -0.0416667 0.083261 86.488 0.08 40.8288 0.657358
2990 23 18 0.121951 0.155008 86.488 0.08 41.2572 0.660422
2995 73 70 0.020979 0.0836058 86.488 0.08 41.7646 0.703704
2996 7 10 -0.176471 0.238729 86.488 0.08 40.7118 0.699552
2997 38 43 -0.0617284 0.110899 86.488 0.08 23.4257 0.39409
2998 71 65 0.0441176 0.0856658 86.488 0.08 25.0861 0.437923
2999 75 60 0.111111 0.0855334 86.488 0.08 26.0699 0.446229
3000 27 29 -0.0357143 0.133545 86.488 0.08 26.3538 0.45006
3001 18 21 -0.0769231 0.159654 86.488 0.08 26.4706 0.481336
3003 20 19 0.025641 0.160076 86.488 0.08 26.5923 0.484725
3004 84 92 -0.0454545 0.0752999 86.488 0.08 27.0737 0.463149
3005 63 56 0.0588235 0.0915111 86.488 0.08 29.0043 0.498886
3006 30 34 -0.0625 0.124756 86.488 0.08 33.2714 0.594427
3007 93 67 0.1625 0.0780062 86.488 0.08 35.1826 0.606045
3008 34 26 0.133333 0.127947 86.488 0.08 37.1207 0.72005
3009 29 22 0.137255 0.138703 86.488 0.08 37.7056 0.687896
3011 35 45 -0.125 0.110926 86.488 0.08 39.1166 0.711406
3013 26 29 -0.0545455 0.134639 86.488 0.08 39.9158 0.729309
3014 43 41 0.0238095 0.109078 86.488 0.08 40.3358 0.668188
3016 36 43 -0.0886076 0.112066 86.488 0.08 40.5724 0.689152
3017 21 29 -0.16 0.139599 86.488 0.08 40.8486 0.663397
3018 32 33 -0.0153846 0.12402 86.488 0.08 41.3758 0.673266
3019 22 26 -0.0833333 0.143836 86.488 0.08 41.5226 0.714656
3020 40 34 0.0810811 0.115865 86.488 0.08 41.5192 0.715143
3021 26 37 -0.174603 0.124053 86.488 0.08 41.7216 0.724048
3022 5 11 -0.375 0.231756 86.488 0.08 41.9689 0.799611
3024 15 21 -0.166667 0.164336 86.488 0.08 42.4293 0.805378
3025 23 23 0 0.147442 86.488 0.08 42.7739 0.889899
3026 29 25 0.0740741 0.135709 86.488 0.08 43.1512 0.795401
3027 81 50 0.236641 0.0848888 86.488 0.08 43.4218 0.785409
3028 75 61 0.102941 0.0852937 86.488 0.08 43.1204 0.786868
3029 29 26 0.0545455 0.134639 86.488 0.08 43.0285 0.788633
3030 53 62 -0.0782609 0.0929645 86.488 0.08 42.9502 0.810458
3035 89 91 -0.0111111 0.074531 86.488 0.08 40.9988 0.682049
3036 58 62 -0.0333333 0.0912364 86.488 0.08 41.2712 0.708654
3037 16 14 0.0666667 0.182168 86.488 0.08 41.2496 0.750426
3038 91 73 0.109756 0.0776151 86.488 0.08 41.3068 0.688266
3039 20 31 -0.215686 0.136732 86.488 0.08 39.7304 0.644023
3043 78 74 0.0263158 0.0810826 86.488 0.08 40.7524 0.738799
3045 114 91 0.112195 0.0694021 86.488 0.08 41.3626 0.67216
3046 38 35 0.0410959 0.116942 86.488 0.08 41.5066 0.742305
3047 12 11 0.0434783 0.208317 86.488 0.08 41.5599 0.725134
3048 82 65 0.115646 0.0819252 86.488 0.08 41.5191 0.750644
3049 100 80 0.111111 0.0740741 86.488 0.08 41.2106 0.693892
3050 92 93 -0.00540541 0.0735204 86.488 0.08 41.0111 0.666885
3051 81 78 0.0188679 0.079291 86.488 0.08 41.0827 0.722242
3052 46 49 -0.0315789 0.102547 86.488 0.08 41.1036 0.72765
3054 21 30 -0.176471 0.13783 86.488 0.08 41.1219 0.731794
3055 25 23 0.0416667 0.144212 86.488 0.08 41.0215 0.695467
3058 50 44 0.0638298 0.102932 86.488 0.08 40.5623 0.700967
3059 39 48 -0.103448 0.106636 86.488 0.08 40.6742 0.67219
3061 30 21 0.176471 0.13783 86.488 0.08 41.446 0.768869
3062 39 33 0.0833333 0.117441 86.488 0.08 42.1459 0.74871
3063 48 37 0.129412 0.107553 86.488 0.08 42.7781 0.759301
3064 54 53 0.00934579 0.0966694 86.488 0.08 43.5745 0.772003
3065 49 39 0.113636 0.10591 86.488 0.08 44.0304 0.788789
3068 32 46 -0.179487 0.111389 86.488 0.08 44.1 0.834355
3069 8 15 -0.304348 0.198623 86.488 0.08 44.1315 0.841237
3075 37 32 0.0724638 0.120069 86.488 0.08 42.3518 0.786242
3076 33 34 -0.0149254 0.122156 86.488 0.08 42.5538 0.70572
3077 87 86 0.00578035 0.0760273 86.488 0.08 43.0115 0.743261
3079 79 69 0.0675676 0.0820116 86.488 0.08 43.8765 0.809698
3080 36 45 -0.111111 0.110423 86.488 0.08 44.1824 0.781187
3082 72 66 0.0434783 0.0850452 86.488 0.08 44.0979 0.731472
3089 80 88 -0.047619 0.0770642 86.488 0.08 44.1053 0.752158
3090 53 51 0.0192308 0.0980399 86.488 0.08 43.7506 0.674764
3091 68 64 0.030303 0.0869989 86.488 0.08 43.3777 0.71672
3092 86 73 0.081761 0.0790396 86.488 0.08 42.9043 0.70538
3093 33 29 0.0645161 0.126736 86.488 0.08 42.7948 0.749251
3108 52 47 0.0505051 0.100376 86.488 0.08 37.6444 0.652592
3109 62 54 0.0689655 0.0926266 86.488 0.08 38.4397 0.642066
3110 66 55 0.0909091 0.0905327 86.488 0.08 39.2623 0.621544
3111 12 15 -0.111111 0.191258 86.488 0.08 39.7754 0.73671
3112 51 72 -0.170732 0.0888431 86.488 0.08 40.2232 0.658813
3113 45 48 -0.0322581 0.103641 86.488 0.08 40.7233 0.698039
3114 80 44 0.290323 0.0859347 86.488 0.08 41.1767 0.720459
3115 58 66 -0.0645161 0.0896156 86.488 0.08 41.6058 0.749907
3116 50 50 0 0.1 86.488 0.08 41.8191 0.734591
3117 51 40 0.120879 0.10406 86.488 0.08 42.0077 0.695699
3118 43 44 -0.0114943 0.107204 86.488 0.08 41.923 0.701473
3119 37 35 0.0277778 0.117806 86.488 0.08 41.6605 0.784244
3120 36 54 -0.2 0.10328 86.488 0.08 41.411 0.712704
3121 38 18 0.357143 0.124818 86.488 0.08 41.1799 0.725733
3122 57 59 -0.0172414 0.0928339 86.488 0.08 41.1375 0.683109
3123 59 69 -0.078125 0.0881182 86.488 0.08 41.2119 0.665077
3124 44 37 0.0864198 0.110695 86.488 0.08 41.2734 0.667182
3126 59 54 0.0442478 0.09398 86.488 0.08 41.337 0.675108
3127 19 25 -0.136364 0.149347 86.488 0.08 41.3923 0.664245
3134 78 79 -0.00636943 0.0798071 86.488 0.08 41.5184 0.709011
3135 82 61 0.146853 0.0827176 86.488 0.08 41.6415 0.726511
3136 74 61 0.0962963 0.0856663 86.488 0.08 41.754 0.75589
3138 45 38 0.0843373 0.109373 86.488 0.08 41.9134 0.763657
3139 17 20 -0.0810811 0.163858 86.488 0.08 42.2124 0.708498
3140 28 21 0.142857 0.141392 86.488 0.08 42.3964 0.749114
3141 53 55 -0.0185185 0.0962085 86.488 0.08 42.373 0.696074
3149 4 4 0 0.353553 86.488 0.08 42.1542 0.882456
3150 4 8 -0.333333 0.272166 86.488 0.08 42.135 0.588095
3151 51 35 0.186047 0.10595 86.488 0.08 42.0705 0.693898
3152 75 61 0.102941 0.0852937 86.488 0.08 41.6946 0.679428
3158 8 14 -0.272727 0.205119 86.488 0.08 41.8392 0.800073
3159 82 79 0.0186335 0.0787974 86.488 0.08 41.418 0.727382
3160 59 61 -0.0166667 0.0912744 86.488 0.08 41.0841 0.702995
3161 70 71 -0.0070922 0.0842131 86.488 0.08 41.0388 0.662794
3162 70 61 0.0687023 0.087164 86.488 0.08 40.8684 0.707686
3163 78 54 0.181818 0.0855881 86.488 0.08 40.6114 0.649934
3164 69 69 0 0.0851257 86.488 0.08 40.6295 0.659779
3165 41 44 -0.0352941 0.108398 86.488 0.08 40.8854 0.64583
3166 53 68 -0.123967 0.0902078 86.488 0.08 41.2182 0.675121
3167 66 61 0.0393701 0.0886669 86.488 0.08 41.4044 0.652794
3171 25 33 -0.137931 0.130051 86.488 0.08 41.5915 0.595815
3174 66 52 0.118644 0.0914072 86.488 0.08 41.5419 0.692647
3176 69 52 0.140496 0.0900074 86.488 0.08 41.2525 0.722058
3177 68 70 -0.0144928 0.0851167 86.488 0.08 41.107 0.6718
3178 69 60 0.0697674 0.0878305 86.488 0.08 41.086 0.635633
3179 67 80 -0.0884354 0.0821555 86.488 0.08 41.0465 0.670338
3180 64 62 0.015873 0.0890759 86.488 0.08 40.991 0.642298
3181 4 7 -0.272727 0.290081 86.488 0.08 40.9576 0.730193
3182 71 60 0.0839695 0.0870618 86.488 0.08 41.0078 0.647145
3183 57 58 -0.00869565 0.093247 86.488 0.08 41.1197 0.660894
3184 45 44 0.011236 0.105993 86.488 0.08 41.2245 0.707424
3185 60 44 0.153846 0.0968907 86.488 0.08 41.5312 0.663938
3186 26 43 -0.246377 0.116675 86.488 0.08 41.8399 0.712583
3188 52 49 0.029703 0.0994598 86.488 0.08 42.2768 0.724597
3190 77 64 0.0921986 0.0838565 86.488 0.08 42.2294 0.683923
3191 64 39 0.242718 0.0955865 86.488 0.08 42.2903 0.738808
3192 64 61 0.024 0.089417 86.488 0.08 42.4592 0.722032
3193 35 26 0.147541 0.126636 86.488 0.08 42.6029 0.697436
3194 88 67 0.135484 0.0795813 86.488 0.08 42.4823 0.688232
3195 79 77 0.0128205 0.0800575 86.488 0.08 42.208 0.684874
3196 69 81 -0.08 0.081388 86.488 0.08 42.0251 0.70252
3197 73 48 0.206612 0.0889475 86.488 0.08 42.0145 0.707174
3198 73 59 0.106061 0.0865479 86.488 0.08 41.9002 0.695679
3199 88 66 0.142857 0.0797558 86.488 0.08 41.6902 0.680576
3200 87 71 0.101266 0.0791468 86.488 0.08 41.4045 0.662745
3201 93 79 0.0813953 0.0759963 86.488 0.08 41.1302 0.647766
3202 95 68 0.165644 0.077244 86.488 0.08 41.0784 0.644931
3203 12 10 0.0909091 0.212318 86.488 0.08 41.2131 0.625454
3204 77 64 0.0921986 0.0838565 86.488 0.08 41.4405 0.664764
3205 83 67 0.106667 0.0811838 86.488 0.08 41.4654 0.678234
3212 10 8 0.111111 0.234243 86.488 0.08 41.3121 0.706672
3213 50 42 0.0869565 0.103862 86.488 0.08 41.251 0.694961
3214 21 26 -0.106383 0.145037 86.488 0.08 41.158 0.748654
3215 80 63 0.118881 0.0830312 86.488 0.08 41.0068 0.687846
3217 77 82 -0.0314465 0.0792659 86.488 0.08 40.7498 0.656703
3218 11 7 0.222222 0.229809 86.488 0.08 40.6162 0.726682
3219 88 71 0.106918 0.0788506 86.488 0.08 40.707 0.665303
3220 76 102 -0.146067 0.0741493 86.488 0.08 40.8876 0.634948
3221 36 25 0.180328 0.125938 86.488 0.08 41.0079 0.627444
3222 123 112 0.0468085 0.0651613 86.488 0.08 41.296 0.656685
3223 89 66 0.148387 0.0794327 86.488 0.08 41.7349 0.699025
3224 24 15 0.230769 0.155806 86.488 0.08 41.9227 0.670768
3225 73 77 -0.0266667 0.0816206 86.488 0.08 41.8483 0.697392
3226 85 108 -0.119171 0.0714686 86.488 0.08 41.7046 0.688845
3227 9 12 -0.142857 0.21598 86.488 0.08 41.587 0.64765
3228 82 80 0.0123457 0.0785614 86.488 0.08 41.4755 0.68016
3229 80 79 0.00628931 0.0793036 86.488 0.08 41.5732 0.670028
3230 86 69 0.109677 0.0798374 86.488 0.08 42.0477 0.691168
3231 31 27 0.0689655 0.130994 86.488 0.08 42.4724 0.622794
3239 14 12 0.0769231 0.195535 86.488 0.08 44.9531 0.781157
3240 46 46 0 0.104257 86.488 0.08 44.4975 0.68458
3241 60 41 0.188119 0.0977272 86.488 0.08 43.9872 0.637181
3242 46 54 -0.08 0.0996795 86.488 0.08 43.577 0.637971
3243 35 31 0.0606061 0.122865 86.488 0.08 43.059 0.657646
3244 55 38 0.182796 0.101948 86.488 0.08 42.5845 0.643422
3245 54 55 -0.00917431 0.0957786 86.488 0.08 42.3822 0.63847
3246 43 37 0.075 0.111489 86.488 0.08 42.4207 0.660716
3247 60 57 0.025641 0.0924196 86.488 0.08 42.4526 0.624044
3248 31 42 -0.150685 0.115705 86.488 0.08 42.48 0.726369
3249 7 11 -0.222222 0.229809 86.488 0.08 42.5569 0.756008
3250 10 7 0.176471 0.238729 86.488 0.08 37.7977 0.521643
