#run A_phys dA_stat
2613 0.34229 0.404477
2614 -0.00273041 0.580837
2615 -0.433735 0.41134
2616 -0.389969 0.443675
2617 0.301554 0.393641
2618 0.286575 0.350413
2619 0.793726 0.444981
2620 0.448151 0.389169
2621 -0.0398055 0.434606
2622 0.903975 0.451636
2623 1.17234 0.548468
2624 0.0300865 0.410878
2625 0.155354 0.403412
2626 0.530142 0.388393
2627 -0.357378 0.388946
2628 -0.786141 0.467266
2629 0.288872 0.367628
2630 0.801807 1.15423
2631 0.738985 0.376492
2632 -0.661199 0.602615
2633 -0.339018 0.408314
2634 0.117044 0.765723
2635 0.393923 0.298017
2637 0.364721 0.352823
2638 0.200488 0.402836
2646 -0.519663 0.372457
2647 -0.852595 0.380572
2648 -0.366471 0.423194
2649 0.139386 0.839733
2650 0.241602 0.388048
2651 0.173539 0.377899
2659 -0.262437 0.397286
2660 -0.033284 0.387321
2661 -0.110049 0.419201
2662 -1.27669 0.605773
2667 0.486816 0.376843
2668 0.112092 0.378196
2669 0.0836851 0.378314
2670 0.595325 0.382386
2671 0.443395 0.38269
2674 0.522321 0.359782
2676 -0.439454 0.393166
2677 0.186182 0.395232
2678 0.706201 1.8561
2679 0.238936 0.38619
2680 -0.00259465 0.365945
2681 -0.367556 0.386042
2683 0.359692 0.503062
2684 0.834825 0.416851
2685 -0.345748 0.432009
2687 0.0965317 0.403219
2688 0.955874 0.402931
2689 0.125645 0.397721
2690 -0.769821 0.45351
2691 -0.406031 0.424712
2692 -0.190174 0.364198
2693 0.210081 0.419044
2694 0.115794 0.342226
2695 0.58564 0.360084
2696 -0.180603 0.46649
2697 0.614429 0.384654
2698 -0.19024 0.36046
2699 0.611345 0.356174
2700 0.321234 0.33277
2701 0.357418 0.36314
2702 0.439562 0.331696
2703 -0.153764 0.378884
2704 0.104976 0.356314
2705 1.02404 0.398398
2706 0.178199 0.325463
2707 0.197365 0.483927
2709 -1.33103 0.437303
2710 -0.33009 0.714376
2711 0.333717 0.335332
2712 0.0775544 0.354886
2713 2.20566 0.764059
2714 0.107529 0.360611
2715 0.307308 0.426799
2716 -0.134298 0.352581
2717 0.0899847 0.381163
2718 0.0487754 0.347597
2719 0.742001 0.377642
2720 0.172129 0.405472
2721 0.490811 0.357439
2722 1.11149 0.356505
2723 0.295605 0.37393
2724 0.34024 0.38183
2725 -0.118496 0.36908
2726 0.213447 0.334639
2727 0.251779 0.383389
2728 0.707777 0.372398
2729 0.173159 0.365183
2730 0.647208 0.642936
2763 0.504497 0.440824
2764 -0.108898 0.417693
2765 0.997015 0.457585
2766 0.147281 0.377555
2767 -0.0904601 0.323144
2768 0.184812 0.355703
2769 0.785975 0.465367
2770 0.763272 0.905769
2959 -0.389963 0.759857
2964 0.0975702 0.866819
2966 -0.437353 0.639764
2967 0.825521 0.795309
2968 0.767822 0.527589
2970 0.0809451 0.68667
2971 1.84214 1.73953
2973 -0.246712 0.664665
2974 0.751161 0.553836
2976 0.979218 1.13237
2981 -0.00284279 2.20822
2983 0.255241 0.528328
2984 0.419332 0.366411
2985 0.519302 0.395928
2986 -1.58762 0.938161
2988 -0.191254 1.01387
2989 -0.119147 0.396453
2990 0.813534 0.688566
2995 0.179559 0.37091
2996 -0.859059 1.22844
2997 -1.63707 0.841948
2998 0.795374 0.640854
2999 0.812237 0.60049
3000 -0.841964 0.931729
3001 -1.49374 1.09662
3003 0.918234 1.12295
3004 0.0584502 0.505783
3005 0.894271 0.595694
3006 -0.41868 0.676679
3007 0.778111 0.423017
3008 0.475746 0.636025
3009 1.26342 0.664823
3011 -0.629821 0.539512
3013 -0.362045 0.628955
3014 0.3191 0.500896
3016 0.0489696 0.531073
3017 -0.651563 0.619724
3018 -0.422527 0.56391
3019 -0.388074 0.63839
3020 0.183777 0.497703
3021 -0.515024 0.546298
3022 -1.318 1.03978
3024 -0.47581 0.69878
3025 -0.281725 0.599162
3026 0.688507 0.589133
3027 1.36914 0.356074
3028 0.553821 0.375207
3029 -0.00269667 0.559837
3030 -0.0338533 0.400145
3035 0.109816 0.348215
3036 -0.161073 0.411299
3037 -0.376212 0.814192
3038 0.673443 0.338707
3039 -0.820163 0.666585
3043 -0.025324 0.348934
3045 0.59023 0.317558
3046 -0.00279559 0.511841
3047 0.528403 0.83568
3048 0.907393 0.351615
3049 0.756489 0.332756
3050 0.0987404 0.330628
3051 -0.171511 0.359684
3052 -0.289279 0.437921
3054 -0.0784369 0.637081
3055 -0.00282892 0.662552
3058 0.195782 0.4647
3059 -0.458645 0.472577
3061 1.1731 0.591991
3062 0.367655 0.525184
3063 0.609705 0.471827
3064 0.387086 0.404461
3065 0.337301 0.46052
3068 -0.79307 0.462983
3069 -1.31907 0.782905
3075 0.303877 0.515219
3076 0.11256 0.546717
3077 -0.0655526 0.32792
3079 0.0439482 0.342372
3080 -0.48058 0.463817
3082 0.0247257 0.370071
3089 0.195825 0.331965
3090 0.0341812 0.431111
3091 0.425947 0.367947
3092 0.57396 0.335698
3093 0.274677 0.534234
3108 1.24776 0.467719
3109 0.472512 0.456763
3110 0.699822 0.440989
3111 -0.752863 0.903982
3112 -0.585599 0.408008
3113 0.159023 0.468247
3114 1.1886 0.389623
3115 0.424157 0.400967
3116 0.255643 0.440932
3117 0.900582 0.45764
3118 -0.131188 0.47461
3119 -0.102763 0.514579
3120 -1.05293 0.454949
3121 0.836959 0.581255
3122 0.177261 0.439387
3123 -0.563422 0.406218
3124 0.0944447 0.509931
3126 0.167277 0.426013
3127 0.0941741 0.719087
3134 -0.127616 0.36424
3135 0.747436 0.36045
3136 0.33734 0.403492
3138 0.762577 0.481802
3139 0.317466 0.745765
3140 0.592417 0.618348
3141 -0.213961 0.42792
3149 -2.01704 1.34079
3150 -2.82405 1.22453
3151 0.681679 0.485136
3152 0.421849 0.385869
3158 -1.37075 0.98074
3159 -0.02693 0.358678
3160 0.111505 0.391813
3161 0.0244804 0.383277
3162 0.140069 0.392795
3163 0.908039 0.39401
3164 -0.181997 0.402571
3165 -0.337356 0.507021
3166 -0.632904 0.407915
3167 -0.267928 0.395832
3171 -0.741877 0.591377
3174 0.727933 0.416147
3176 0.399255 0.405648
3177 -0.694088 0.374731
3178 0.359428 0.401837
3179 -0.18471 0.373622
3180 -0.148391 0.395823
3181 -1.58821 1.24951
3182 0.379629 0.396979
3183 -0.233376 0.420114
3184 0.492206 0.488811
3185 0.787522 0.432172
3186 -0.873532 0.512707
3188 -0.27759 0.422978
3190 0.751515 0.364883
3191 1.06999 0.422844
3192 0.568326 0.392929
3193 0.18458 0.568437
3194 0.235642 0.351584
3195 0.112479 0.347136
3196 -0.202886 0.362248
3197 0.685341 0.401912
3198 -0.00276931 0.378307
3199 0.74707 0.348724
3200 0.627347 0.356965
3201 0.567153 0.355005
3202 0.851013 0.362702
3203 0.92078 0.979843
3204 0.157016 0.376519
3205 0.361869 0.358927
3212 0.181467 0.991761
3213 0.545005 0.472398
3214 -0.34887 0.679786
3215 0.393875 0.389524
3217 -0.0732104 0.356445
3218 1.17876 1.10626
3219 0.393968 0.377756
3220 -0.435663 0.349569
3221 1.02262 0.576647
3222 0.59481 0.292018
3223 0.291107 0.359381
3224 0.274396 0.696549
3225 -0.144083 0.352363
3226 -0.550414 0.32592
3227 -1.89875 0.937082
3228 0.196187 0.363607
3229 -0.0717638 0.349402
3230 0.319634 0.34706
3231 0.20517 0.599683
3239 0.286302 0.840775
3240 -0.290165 0.421545
3241 0.87893 0.406074
3242 -0.243826 0.417236
3243 0.256308 0.514754
3244 1.07893 0.430067
3245 -0.0350909 0.410509
3246 0.0376091 0.45821
3247 0.0966389 0.414966
3248 -1.00569 0.477606
3249 -0.435025 1.05523
3250 0.919167 1.32317
