#run A_phys dA_stat
5045 -7.02549 0
5046 6.92112 0
5047 1.34971 3.07988
5048 -1.18068 1.61252
5049 3.53104 3.10754
5053 0.970377 2.69129
5054 -0.0573102 5.08145
5086 -0.0569773 3.57225
5090 0.49392 1.98095
5091 -0.379244 1.53543
5093 -1.81071 2.04673
5094 -3.85629 3.28722
5095 1.7447 1.60688
5099 -4.59442 2.70365
5100 1.99536 2.18626
5101 1.44287 3.29245
5102 -7.56053 0
5103 -0.62588 2.0386
5104 -3.12928 2.44792
5105 -7.11552 0
5106 -3.52063 3.00109
5107 2.60636 1.95007
5108 1.75278 2.12309
5109 7.74208 0
5110 0.643242 2.32886
5112 5.72602 1.80459
5113 0.450999 1.97963
5114 -0.0612105 3.13343
5115 -0.0610763 2.42183
5116 -0.0609128 1.9095
5120 -7.79649 0
5121 -2.30309 2.00848
5122 0.814516 2.6162
5124 -3.63294 2.10947
5126 -4.74224 2.79063
5127 1.86825 1.86853
5129 1.85388 2.62218
5135 3.73078 3.28332
5140 -0.0583317 5.17201
5142 -7.34394 0
5143 7.20727 0
5145 0.605697 2.19293
5146 0.759351 2.43901
5147 -0.614454 2.00138
5148 0.983052 2.72644
5152 -1.10897 1.94484
5153 -1.53532 1.86758
5154 -0.88281 1.73649
5155 7.38228 0
5156 -0.0594536 5.27149
5164 0.515871 2.06899
5165 3.17214 2.57555
5167 -1.95837 2.59871
5176 -6.08914 1.62361
5183 -0.062966 2.49676
5185 2.09637 2.29693
5186 -0.931176 1.83163
5187 -283.344 -0
5188 97.485 -155.473
5301 7.76274 0
5302 -0.0617817 2.73895
5303 -0.0654712 2.5961
5315 -92.9293 -89.7623
5316 -23.6878 -85.7616
5317 -54.8465 -125.153
5318 -5.34309 1.81531
5320 2.79725 3.30916
5321 5.01534 3.03086
5322 0.688626 2.49317
5323 -3.31177 2.3527
5324 4.73076 1.65057
5364 287.9 -0
5378 -0.598702 1.95008
5379 1.74002 2.46114
5380 -0.0579341 2.09707
5385 7.20037 0
5386 -5.49724 1.69604
5387 2.27783 -116.604
5388 -92.9293 -109.936
5406 -6.81688 0
5408 1.09248 1.95952
5409 1.34328 2.16743
5411 3.46396 3.04851
5412 -4.51009 1.62798
5414 2.26833 3.79497
5416 4.89771 1.83424
5461 -1.49149 3.1424
5462 -1.50348 1.82884
5463 -0.864108 2.40374
5464 -0.714995 2.17109
5465 3.55132 3.12539
5466 4.27672 2.5845
5467 0.97721 2.71024
5468 -0.866404 2.41013
5469 1.15952 2.07977
5470 -3.1956 1.76763
5471 0.757074 2.43169
5472 0.678726 1.64093
5476 5.06197 1.4804
5477 2.11161 1.71064
5478 4.36352 2.63695
5479 -2.51661 4.01359
5480 -3.75748 1.84924
5481 4.07517 1.45852
5482 2.43108 4.06725
5483 -0.060978 1.70974
5484 -1.06921 1.99441
5485 -0.0664175 2.94447
5486 -69.1276 -97.776
5494 -0.0602525 3.08439
5495 -1.56116 2.3258
5496 -4.53588 2.6692
5497 -7.4949 0
5499 3.65197 3.21397
5501 -1.90407 2.52666
5502 0.431116 1.89236
5503 -1.01614 2.52019
5504 2.38209 1.93409
5505 1.49629 1.09295
5506 2.80265 1.76972
5507 1.6876 2.04414
5508 -1.13302 1.62239
5511 3.15948 1.81392
5512 -0.383328 1.55197
5513 -1.33174 1.72368
5514 0.976531 1.9151
5515 -1.67002 1.66721
5517 1.39594 3.18538
5518 4.31259 1.84284
5519 -48.1261 -68.1862
5523 43.0809 -106.848
5524 1.79745 1.79772
5525 2.42208 1.8122
5526 -4.07693 1.74369
5527 -1.5465 1.88117
5529 -0.550162 1.89887
5531 -3.7052 3.15842
5532 59.4022 -125.153
5533 -283.344 -0
5537 -0.814521 2.47331
5538 1.5554 2.50968
5539 1.24774 2.238
5541 0.645335 2.33643
5543 0.794283 2.55121
5544 -0.653601 2.12889
5545 -1.99464 2.64684
5548 -0.0601721 3.08028
5549 -7.56074 0
5550 -3.24928 2.5418
5571 -3.36479 2.86825
5572 -0.799211 2.22322
5573 -0.907731 1.6932
5574 0.311096 1.59599
5575 -0.599125 1.95145
5576 -50.615 -54.0171
5577 21.3193 -73.583
5578 68.1905 -77.079
5579 116.527 -82.7812
5580 43.0809 -106.848
5581 -140.533 -123.678
5582 -120.131 -97.5381
5583 1.36012 3.10362
5584 0.958439 1.87962
5586 0.966598 2.68081
5589 7.17592 0
5592 -1.50651 2.24438
5593 -1.50757 3.17626
5596 -0.057873 2.96258
5597 -1.26891 2.06812
5598 0.861942 1.82692
5599 -0.0598139 1.87505
5600 -1.02173 1.90584
5601 -5.61508 2.05646
5602 -1.19023 1.70432
5603 1.56821 2.53036
5604 -2.8604 2.28094
5605 -0.0641956 2.84597
5606 -0.785758 1.68713
5608 -1.95439 1.68333
5609 -1.64834 1.73642
5611 1.51732 1.73117
5612 0.880668 1.56091
5613 -0.0623023 2.76203
5614 -0.924678 1.81885
5615 -7.77092 0
5616 -0.651611 2.12241
5617 7.52873 0
5619 -6.05911 1.42286
5620 -3.55022 1.48924
5621 1.9425 2.12834
5622 -0.0581596 5.15676
5623 1.34169 2.16486
5624 0.584533 2.1163
5625 1.50975 1.46731
5626 3.60617 1.58682
5627 -0.0588126 3.68732
5628 5.22818 1.958
5629 -0.0593001 1.98729
5630 0.142034 1.22516
5632 -3.13879 1.65277
5633 -3.7924 3.23276
5634 -0.059029 1.9782
5654 -3.84469 3.27733
5655 7.61571 0
5659 2.48761 2.40283
5660 2.49338 4.17148
5661 -0.0614695 2.43742
5663 2.52978 1.59969
5664 -2.03151 2.69577
5665 1.92491 1.92519
5666 0.936429 1.9848
5667 -0.0638555 1.88726
5670 -8.05624 0
5671 -3.46596 1.91718
5672 -4.34917 1.86012
5673 -0.486059 1.83734
5674 2.62522 2.19603
5675 -2.76498 3.11813
5676 3.71365 1.84884
5678 5.71235 2.13933
5679 2.62756 2.53802
5683 -3.52063 1.94742
5685 1.08705 3.01486
5686 -8.14649 0
5688 -0.0646548 4.0536
5690 6.06432 1.35142
5691 2.17898 2.38745
5692 -0.619041 2.13661
5693 -1.73936 2.11577
5694 -1.11823 2.08585
5696 -0.0668349 1.97532
5697 -2.44694 2.13393
5698 -2.0337 1.75164
5699 0.687017 2.48734
5700 8.23337 0
5702 0.950897 2.01546
5703 -0.0633859 5.62015
5704 0.652184 2.36123
5705 -1.44323 1.86798
5706 0.92285 1.95602
5707 -0.785044 1.6856
5708 -4.50868 2.21749
5709 0.665627 1.70406
5710 2.60804 2.51916
5711 -1.39778 2.27816
5712 -2.62437 4.18544
5713 2.03129 2.22563
5714 1.05114 1.68313
5717 0.813972 2.61445
5718 -1.63376 2.43396
5721 3.84315 2.39159
5722 0.648765 2.34886
5723 3.45185 1.66985
5724 -3.29196 1.3809
5725 0.938413 1.32956
5726 -0.978377 2.06132
5727 2.29134 2.11298
5728 -1.24014 3.07576
5730 -0.0653341 2.59066
5732 -1.23023 2.15749
5733 -1.87429 1.87113
5734 -0.0648289 2.34665
5735 -1.68712 3.55455
5736 -1.67789 3.53512
5737 -0.0640667 5.68052
5739 -1.37628 2.24311
5740 -0.524239 1.90014
5741 -1.17923 2.06805
5742 7.74525 0
5743 0.349677 1.79392
5744 0.592478 1.59927
5745 -1.49906 1.65587
5748 3.33592 2.70853
5751 -8.00639 0
5752 2.79702 1.48255
5753 -8.01911 0
5754 -1.65642 3.48987
5755 -0.0636247 3.98902
5756 -0.063952 1.41759
5761 -1.40619 1.62058
5762 0.941517 1.99558
5763 2.61332 2.52426
5764 1.53809 1.75487
5765 -1.90657 2.15509
5768 -1.95592 1.68465
5770 -1.94237 1.67297
5771 -283.344 -0
5773 -154.353 -42.8975
5778 2.27783 -46.3338
5779 -0.0635989 1.70024
5781 -0.48545 1.83504
5783 1.53776 2.02591
5784 -0.790387 1.69707
5785 1.71897 1.30378
5805 6.30124 0
5809 -1.19059 1.54099
5810 6.41864 0
5811 -6.50313 0
5815 0.656658 1.49141
5816 1.56577 1.566
5818 -2.99508 1.3978
5819 2.80914 1.61279
5820 -6.77328 0
5821 -6.52041 0
5828 1.05062 1.27258
5829 -1.16136 1.33843
5830 -3.34537 2.01645
5831 -0.0520987 4.61937
5832 2.10862 2.4945
5837 0.291514 1.49553
5838 -0.0522354 3.27495
5839 -0.783529 2.17959
5840 0.606471 1.46625
5841 0.454538 1.28906
5842 -6.64122 0
5843 6.52659 0
5844 6.51002 0
5852 -6.5541 0
5854 -2.83248 2.21574
5856 -1.0707 1.46232
5858 1.08772 1.5411
5859 2.34512 1.38762
5860 2.36893 1.40171
5861 -0.880371 1.64216
5862 0.29661 1.52167
5863 -0.319549 1.33108
5864 -1.64473 1.41662
5865 -0.0523795 1.64199
5866 1.721 1.58704
5868 0.806028 1.58072
5869 0.636843 1.53967
5870 0.926383 1.48337
5871 1.14858 1.62734
5872 3.33182 2.07338
5873 -1.89342 1.95668
5874 -0.0536732 4.75897
5875 2.18481 1.63467
5877 0.63962 1.23739
5879 0.903977 2.50713
5880 0.904236 1.77332
5881 -2.28623 2.57823
5882 3.11206 1.35015
5883 1.48632 1.80034
5884 -0.699548 1.19383
5885 0.90448 1.4483
5886 -2.29754 1.4959
5887 -1.11485 1.52262
5888 -1.53913 1.53653
5889 0.552065 1.41333
5890 -0.299024 1.27761
5891 2.16463 1.47846
5892 -1.22896 1.59065
5893 0.958085 1.35744
5894 0.380011 0.97286
5895 -0.94468 1.411
5896 -1.01414 2.51523
5897 6.51177 0
5898 -1.07054 1.28197
5899 2.16428 1.20697
5901 -0.655445 1.40733
5902 -0.0526489 2.08766
5903 0.547813 1.98336
5904 -0.791049 1.556
5912 83.8839 -73.1534
5914 47.3761 -64.7042
5915 -14.5234 -69.1536
5917 -29.4579 -94.6176
5918 -45.3259 -81.2988
5919 -59.8138 -58.132
5923 2.27783 -90.3216
5924 145.089 -123.678
5925 -92.9293 -77.7365
5926 17.3106 -65.4354
5927 -92.9293 -89.7623
5931 2.27783 -63.867
5932 73.6833 -97.776
5933 -107.577 -73.1234
5934 -92.9293 -109.936
5935 -79.3283 -73.1534
5936 -92.9293 -109.936
5937 -29.4579 -66.9049
5938 73.6833 -69.1379
5939 -283.344 -0
5941 2.27783 -76.3355
5942 124.687 -97.5381
5943 173.651 -51.0934
5944 97.485 -69.5295
5945 -26.2843 -63.5468
5947 -79.3283 -73.1534
5948 -69.1276 -69.1379
5949 -188.137 -86.9118
5950 -45.3259 -81.2988
5951 132.106 -76.7074
5952 49.8815 -81.2988
5965 2.27783 -142.811
5966 14.6962 -59.4999
5967 -92.9293 -109.936
5968 116.527 -82.7812
5971 -169.095 -102.187
5974 -12.7549 -65.4354
5975 -79.3283 -73.1534
5976 -50.615 -54.0171
5980 -120.131 -97.5381
5985 -54.8465 -62.5766
5986 2.27783 -71.4054
5987 73.6833 -69.1379
5988 -72.8858 -63.2164
5989 -169.095 -72.2571
5990 43.0809 -53.4238
5991 145.089 -50.4913
5994 47.3761 -64.7042
5995 2.27783 -90.3216
5996 145.089 -71.4054
5997 24.2487 -78.9824
5998 -33.4249 -70.8453
5999 -92.9293 -58.7632
6001 -11.3232 -62.257
6002 287.9 -0
6003 -75.6189 -58.5864
6004 43.0809 -75.5527
6005 2.27783 -67.3216
6006 -26.2843 -63.5468
6007 49.8815 -81.2988
6008 -72.8858 -63.2164
6009 43.0809 -106.848
6010 21.3193 -73.583
6012 2.27783 -90.3216
6013 -34.9772 -59.0474
6014 -54.8465 -55.9701
6016 -46.9674 -52.2442
6017 -58.9269 -52.7235
6018 2.27783 -67.3216
6019 -45.3259 -81.2988
6020 28.2434 -60.6426
6024 52.6818 -68.1862
6025 76.3278 -53.0885
6026 34.0135 -66.9049
6027 -84.6506 -56.731
6028 -29.4579 -66.9049
6029 2.27783 -60.8948
6030 145.089 -71.4054
6031 59.4022 -88.4967
6032 -169.095 -102.187
6033 28.2434 -60.6426
6034 -79.3283 -73.1534
6035 24.2487 -78.9824
6036 2.27783 -63.867
6037 59.4022 -62.5766
6038 37.9805 -70.8453
6039 -10.1405 -59.4999
6040 -11.3232 -62.257
6041 55.1707 -54.0171
6042 2.27783 -67.3216
6043 -54.8465 -62.5766
6044 -63.6348 -77.079
6048 2.27783 -76.3355
6050 -49.6533 -59.8797
6051 -29.4579 -66.9049
6052 105.102 -53.2942
6053 59.4022 -125.153
6060 22.6794 -53.8397
6061 -69.1276 -56.4508
6062 -63.6348 -77.079
6063 34.0135 -66.9049
6064 -63.6348 -77.079
6065 -140.533 -71.4054
6066 17.3106 -65.4354
6068 34.0135 -94.6176
6069 -140.533 -87.4534
6070 -54.8465 -62.5766
6071 19.0791 -69.1536
6072 -61.1936 -65.6384
6073 26.0796 -58.0995
6074 -14.5234 -69.1536
6075 -92.9293 -69.5295
6076 2.27783 -116.604
6077 -14.5234 -69.1536
6078 -14.5234 -69.1536
6079 -120.131 -97.5381
6081 -16.7636 -73.583
6082 -38.5252 -61.6886
6083 2.27783 -53.9774
