#run N+ N- A_raw dA_raw beamPol dBeam targetPol dTgt
5045 1 0 1 0 80.795 0.097 37.9512 2.94643
5046 1 0 1 0 80.795 0.097 37.9302 2.95604
5047 1 2 -0.333333 0.544331 80.795 0.097 37.6862 3.12461
5048 7 9 -0.125 0.248039 80.795 0.097 37.1719 3.48092
5049 2 0 1 0 80.795 0.097 36.8771 2.60787
5053 4 5 -0.111111 0.331269 80.795 0.097 36.781 3.95488
5054 1 0 1 0 80.795 0.097 36.8099 4.02801
5086 3 2 0.2 0.438178 80.795 0.097 37.0365 4.36562
5090 5 6 -0.0909091 0.300263 80.795 0.097 36.6108 3.61267
5091 9 10 -0.0526316 0.229098 80.795 0.097 35.7725 2.92716
5093 6 8 -0.142857 0.26452 80.795 0.097 34.883 2.72433
5094 1 3 -0.5 0.433013 80.795 0.097 34.8555 2.72259
5095 11 10 0.047619 0.21797 80.795 0.097 34.8725 2.59534
5099 3 4 -0.142857 0.374088 80.795 0.097 35.0169 2.94206
5100 5 3 0.25 0.342327 80.795 0.097 35.1144 3.34677
5101 3 1 0.5 0.433013 80.795 0.097 35.2105 3.95621
5102 0 3 -1 0 80.795 0.097 35.3568 4.23875
5103 4 6 -0.2 0.309839 80.795 0.097 35.9521 7.30762
5104 3 3 0 0.408248 80.795 0.097 37.0408 12.072
5105 2 2 0 0.5 80.795 0.097 37.5944 14.5409
5106 0 1 -1 0 80.795 0.097 38.1743 17.0252
5107 8 5 0.230769 0.269864 80.795 0.097 32.9699 3.22779
5108 9 7 0.125 0.248039 80.795 0.097 33.5843 2.78799
5110 6 7 -0.0769231 0.276528 80.795 0.097 34.0963 2.25652
5112 4 5 -0.111111 0.331269 80.795 0.097 34.317 2.45379
5113 8 4 0.333333 0.272166 80.795 0.097 34.4329 2.36583
5114 6 5 0.0909091 0.300263 80.795 0.097 34.4656 2.6165
5115 6 5 0.0909091 0.300263 80.795 0.097 34.5467 2.67284
5116 8 9 -0.0588235 0.242116 80.795 0.097 34.6485 2.82769
5121 9 6 0.2 0.252982 80.795 0.097 33.6834 2.56231
5122 3 5 -0.25 0.342327 80.795 0.097 33.535 2.53762
5124 3 7 -0.4 0.289828 80.795 0.097 33.6756 2.66271
5126 3 3 0 0.408248 80.795 0.097 33.9238 2.6158
5127 7 5 0.166667 0.284638 80.795 0.097 34.2965 3.26655
5129 6 1 0.714286 0.26452 80.795 0.097 34.5323 4.0364
5135 1 0 1 0 80.795 0.097 34.8853 5.52399
5140 2 1 0.333333 0.544331 80.795 0.097 36.1813 2.96017
5142 0 1 -1 0 80.795 0.097 36.321 2.99274
5143 2 1 0.333333 0.544331 80.795 0.097 36.273 3.0112
5145 6 3 0.333333 0.31427 80.795 0.097 36.2642 2.75913
5146 5 2 0.428571 0.341494 80.795 0.097 35.8903 2.79045
5147 4 7 -0.272727 0.290081 80.795 0.097 36.5554 2.67045
5148 3 3 0 0.408248 80.795 0.097 36.2571 2.77793
5152 4 12 -0.5 0.216506 80.795 0.097 36.005 2.78268
5153 5 7 -0.166667 0.284638 80.795 0.097 35.8017 3.38813
5154 5 9 -0.285714 0.25612 80.795 0.097 35.6774 3.52085
5156 3 3 0 0.408248 80.795 0.097 35.4963 3.10802
5164 8 4 0.333333 0.272166 80.795 0.097 35.396 2.62042
5165 2 4 -0.333333 0.3849 80.795 0.097 34.8654 2.71525
5167 6 9 -0.2 0.252982 80.795 0.097 34.8839 3.6752
5176 1 8 -0.777778 0.209513 80.795 0.097 34.1524 7.66055
5183 4 5 -0.111111 0.331269 80.795 0.097 33.5036 3.99811
5185 6 5 0.0909091 0.300263 80.795 0.097 33.4459 2.71731
5186 10 7 0.176471 0.238729 80.795 0.097 33.8697 2.63153
5187 1 0 1 0 80.795 0.097 -1 -1
5188 2 2 0 0.5 80.795 0.097 -1 -1
5301 4 1 0.6 0.357771 80.795 0.097 33.8651 2.42143
5302 6 2 0.5 0.306186 80.795 0.097 34.0917 2.29317
5303 5 2 0.428571 0.341494 80.795 0.097 32.3064 2.33142
5315 5 3 0.25 0.342327 80.795 0.097 -1 -1
5316 5 4 0.111111 0.331269 80.795 0.097 -1 -1
5317 4 1 0.6 0.357771 80.795 0.097 -1 -1
5318 2 7 -0.555556 0.27716 80.795 0.097 30.1103 2.16067
5320 6 3 0.333333 0.31427 80.795 0.097 30.7806 2.20383
5321 2 1 0.333333 0.544331 80.795 0.097 31.2167 1.93508
5322 4 3 0.142857 0.374088 80.795 0.097 31.7535 1.92297
5323 4 2 0.333333 0.3849 80.795 0.097 32.5777 2.33801
5324 13 1 0.857143 0.137661 80.795 0.097 33.0754 2.29228
5364 2 2 0 0.5 80.795 0.097 -1 -1
5378 6 7 -0.0769231 0.276528 80.795 0.097 37.5051 2.23035
5379 6 5 0.0909091 0.300263 80.795 0.097 36.6592 2.52153
5380 6 5 0.0909091 0.300263 80.795 0.097 36.4261 2.49493
5385 2 0 1 0 80.795 0.097 36.4563 2.60752
5386 1 4 -0.6 0.357771 80.795 0.097 36.8029 2.59865
5387 4 1 0.6 0.357771 80.795 0.097 -1 -1
5388 1 2 -0.333333 0.544331 80.795 0.097 -1 -1
5406 1 7 -0.75 0.233854 80.795 0.097 38.955 2.76198
5408 6 3 0.333333 0.31427 80.795 0.097 38.4402 2.54914
5409 6 3 0.333333 0.31427 80.795 0.097 37.6208 2.49687
5411 3 1 0.5 0.433013 80.795 0.097 37.5855 2.63213
5412 2 7 -0.555556 0.27716 80.795 0.097 37.8091 2.65315
5414 2 0 1 0 80.795 0.097 37.9421 2.66564
5416 4 2 0.333333 0.3849 80.795 0.097 38.1143 2.68607
5448 1 0 1 0 80.795 0.097 38.256 2.74683
5449 2 0 1 0 80.795 0.097 36.9394 2.69208
5453 1 2 -0.333333 0.544331 80.795 0.097 36.8366 2.14489
5454 0 3 -1 0 80.795 0.097 36.5845 2.60653
5458 2 0 1 0 80.795 0.097 36.9472 2.65401
5459 0 1 -1 0 80.795 0.097 37.2765 2.66497
5460 1 0 1 0 80.795 0.097 36.9973 2.64403
5461 2 1 0.333333 0.544331 80.795 0.097 36.9092 2.63743
5462 9 7 0.125 0.248039 80.795 0.097 36.3571 2.37153
5463 3 6 -0.333333 0.31427 80.795 0.097 36.4636 2.2949
5464 5 4 0.111111 0.331269 80.795 0.097 36.6065 2.6073
5465 3 1 0.5 0.433013 80.795 0.097 36.6689 2.60922
5466 2 1 0.333333 0.544331 80.795 0.097 36.5997 2.60131
5467 6 1 0.714286 0.26452 80.795 0.097 36.5268 2.59465
5468 6 5 0.0909091 0.300263 80.795 0.097 36.2814 2.58098
5469 11 3 0.571429 0.219328 80.795 0.097 36.2257 2.38524
5470 2 7 -0.555556 0.27716 80.795 0.097 36.1081 2.59202
5471 7 7 0 0.267261 80.795 0.097 36.0642 2.39663
5472 5 7 -0.166667 0.284638 80.795 0.097 35.856 2.34226
5476 7 8 -0.0666667 0.257624 80.795 0.097 35.7769 2.18191
5477 10 4 0.428571 0.241473 80.795 0.097 35.8556 2.553
5478 4 0 1 0 80.795 0.097 35.9635 2.21346
5479 0 3 -1 0 80.795 0.097 35.884 2.21265
5480 6 6 0 0.288675 80.795 0.097 35.7587 2.54754
5481 9 3 0.5 0.25 80.795 0.097 35.5631 2.42795
5482 2 0 1 0 80.795 0.097 35.4594 2.52764
5483 7 11 -0.222222 0.229809 80.795 0.097 34.6498 2.33188
5484 8 7 0.0666667 0.257624 80.795 0.097 32.8233 2.26699
5485 4 4 0 0.353553 80.795 0.097 31.7087 2.26644
5486 5 2 0.428571 0.341494 80.795 0.097 -1 -1
5494 1 3 -0.5 0.433013 80.795 0.097 35.0422 2.51407
5495 6 5 0.0909091 0.300263 80.795 0.097 35.2327 2.42846
5496 1 0 1 0 80.795 0.097 35.2562 2.59495
5497 0 4 -1 0 80.795 0.097 35.5852 2.60124
5499 2 1 0.333333 0.544331 80.795 0.097 35.6504 2.12123
5501 0 3 -1 0 80.795 0.097 35.8447 2.58851
5502 3 9 -0.5 0.25 80.795 0.097 35.7034 2.47884
5503 4 6 -0.2 0.309839 80.795 0.097 38.635 2.78822
5504 2 3 -0.2 0.438178 80.795 0.097 46.5852 3.91385
5505 8 4 0.333333 0.272166 80.795 0.097 51.0978 3.92677
5506 5 5 0 0.316228 80.795 0.097 34.6726 2.47049
5507 7 9 -0.125 0.248039 80.795 0.097 34.939 2.40943
5508 9 11 -0.1 0.222486 80.795 0.097 35.2261 2.45105
5511 9 7 0.125 0.248039 80.795 0.097 35.2786 2.44966
5512 12 7 0.263158 0.221329 80.795 0.097 35.5782 2.40764
5513 9 9 0 0.235702 80.795 0.097 36.6492 2.52006
5514 4 6 -0.2 0.309839 80.795 0.097 36.4859 2.20287
5515 5 6 -0.0909091 0.300263 80.795 0.097 36.474 2.57844
5517 2 2 0 0.5 80.795 0.097 36.3967 2.57105
5518 6 2 0.5 0.306186 80.795 0.097 36.3696 2.39836
5519 8 6 0.142857 0.26452 80.795 0.097 -1 -1
5523 2 8 -0.6 0.252982 80.795 0.097 -1 -1
5524 5 7 -0.166667 0.284638 80.795 0.097 35.6292 2.30313
5525 7 3 0.4 0.289828 80.795 0.097 35.5652 2.3886
5526 4 8 -0.333333 0.272166 80.795 0.097 35.4586 2.50966
5527 6 3 0.333333 0.31427 80.795 0.097 35.6057 2.51958
5529 7 6 0.0769231 0.276528 80.795 0.097 35.8834 2.2714
5531 2 4 -0.333333 0.3849 80.795 0.097 36.3876 2.34233
5532 1 3 -0.5 0.433013 80.795 0.097 -1 -1
5533 6 0 1 0 80.795 0.097 -1 -1
5537 4 6 -0.2 0.309839 80.795 0.097 32.094 2.16478
5538 6 2 0.5 0.306186 80.795 0.097 32.5879 2.01846
5539 10 6 0.25 0.242061 80.795 0.097 33.6485 2.32571
5541 6 5 0.0909091 0.300263 80.795 0.097 34.0307 2.19838
5543 3 3 0 0.408248 80.795 0.097 34.2955 2.24277
5544 8 4 0.333333 0.272166 80.795 0.097 34.3782 2.45761
5545 3 4 -0.142857 0.374088 80.795 0.097 34.2576 2.44359
5548 4 4 0 0.353553 80.795 0.097 35.0834 2.35096
5549 0 1 -1 0 80.795 0.097 35.2713 2.52708
5550 4 3 0.142857 0.374088 80.795 0.097 35.0967 2.55167
5571 1 2 -0.333333 0.544331 80.795 0.097 39.9621 2.8265
5572 2 6 -0.5 0.306186 80.795 0.097 38.7676 2.60927
5573 8 9 -0.0588235 0.242116 80.795 0.097 38.7804 2.3318
5574 8 7 0.0666667 0.257624 80.795 0.097 37.9953 2.4036
5575 5 7 -0.166667 0.284638 80.795 0.097 37.6231 2.6589
5576 13 9 0.181818 0.209647 80.795 0.097 -1 -1
5577 9 4 0.384615 0.256015 80.795 0.097 -1 -1
5578 6 8 -0.142857 0.26452 80.795 0.097 -1 -1
5579 2 7 -0.555556 0.27716 80.795 0.097 -1 -1
5580 2 2 0 0.5 80.795 0.097 -1 -1
5581 1 1 0 0.707107 80.795 0.097 -1 -1
5582 3 2 0.2 0.438178 80.795 0.097 -1 -1
5583 0 1 -1 0 80.795 0.097 37.318 2.66563
5584 6 5 0.0909091 0.300263 80.795 0.097 37.2494 2.65844
5586 4 4 0 0.353553 80.795 0.097 37.0625 2.63045
5589 2 0 1 0 80.795 0.097 36.5811 2.61248
5592 4 4 0 0.353553 80.795 0.097 36.5292 2.61233
5593 2 0 1 0 80.795 0.097 36.5092 2.61227
5596 3 4 -0.142857 0.374088 80.795 0.097 36.4628 2.41836
5597 3 9 -0.5 0.25 80.795 0.097 36.4129 2.38443
5598 6 7 -0.0769231 0.276528 80.795 0.097 35.957 2.57842
5599 5 5 0 0.316228 80.795 0.097 35.4 2.53547
5600 3 5 -0.25 0.342327 80.795 0.097 34.4822 2.46466
5601 2 1 0.333333 0.544331 80.795 0.097 34.0635 1.98437
5602 9 12 -0.142857 0.21598 80.795 0.097 33.5625 2.22445
5603 7 2 0.555556 0.27716 80.795 0.097 32.4113 2.3109
5604 2 6 -0.5 0.306186 80.795 0.097 31.6572 2.25733
5605 4 3 0.142857 0.374088 80.795 0.097 32.819 2.39405
5606 9 12 -0.142857 0.21598 80.795 0.097 33.2996 2.24577
5608 6 9 -0.2 0.252982 80.795 0.097 33.2767 2.24399
5609 13 13 0 0.196116 80.795 0.097 33.3896 2.24514
5611 8 9 -0.0588235 0.242116 80.795 0.097 33.4457 2.24444
5612 14 7 0.333333 0.205738 80.795 0.097 33.6526 2.22337
5613 4 6 -0.2 0.309839 80.795 0.097 33.8651 2.16108
5614 8 7 0.0666667 0.257624 80.795 0.097 34.1251 2.35533
5616 4 7 -0.272727 0.290081 80.795 0.097 34.4644 2.22369
5617 4 1 0.6 0.357771 80.795 0.097 34.872 2.48557
5619 1 6 -0.714286 0.26452 80.795 0.097 35.1693 2.50981
5620 6 10 -0.25 0.242061 80.795 0.097 35.9207 2.21652
5621 6 4 0.2 0.309839 80.795 0.097 36.0817 2.44144
5623 3 1 0.5 0.433013 80.795 0.097 37.8407 2.68997
5624 4 6 -0.2 0.309839 80.795 0.097 37.5383 2.23469
5625 15 5 0.5 0.193649 80.795 0.097 36.2606 2.34401
5626 9 3 0.5 0.25 80.795 0.097 36.1317 2.47508
5627 2 2 0 0.5 80.795 0.097 35.8841 2.21343
5628 6 3 0.333333 0.31427 80.795 0.097 35.7514 2.54576
5629 10 6 0.25 0.242061 80.795 0.097 35.5791 2.09994
5630 15 12 0.111111 0.191258 80.795 0.097 35.498 2.15088
5632 4 10 -0.428571 0.241473 80.795 0.097 35.5065 2.43637
5633 0 4 -1 0 80.795 0.097 35.4938 2.52847
5634 8 6 0.142857 0.26452 80.795 0.097 35.7146 2.2559
5654 1 2 -0.333333 0.544331 80.795 0.097 34.2578 1.45553
5655 3 0 1 0 80.795 0.097 33.6578 1.23205
5659 5 2 0.428571 0.341494 80.795 0.097 33.9036 1.42174
5660 0 1 -1 0 80.795 0.097 33.8341 1.41929
5661 5 2 0.428571 0.341494 80.795 0.097 33.5227 1.3069
5663 8 10 -0.111111 0.234243 80.795 0.097 33.3248 1.24378
5664 3 3 0 0.408248 80.795 0.097 32.9461 1.26138
5665 11 2 0.692308 0.200137 80.795 0.097 32.6393 1.31315
5666 8 8 0 0.25 80.795 0.097 32.4005 1.22185
5667 4 7 -0.272727 0.290081 80.795 0.097 32.2766 1.29014
5670 0 1 -1 0 80.795 0.097 32.4419 1.35774
5671 3 6 -0.333333 0.31427 80.795 0.097 32.3901 1.29646
5672 4 11 -0.466667 0.22836 80.795 0.097 32.5679 1.18733
5673 3 8 -0.454545 0.268563 80.795 0.097 32.3203 1.39642
5674 8 3 0.454545 0.268563 80.795 0.097 32.1467 1.40456
5675 2 3 -0.2 0.438178 80.795 0.097 32.005 1.08864
5676 9 4 0.384615 0.256015 80.795 0.097 32.0236 1.3424
5678 4 2 0.333333 0.3849 80.795 0.097 32.062 1.37813
5679 5 1 0.666667 0.30429 80.795 0.097 32.3976 1.25798
5683 3 5 -0.25 0.342327 80.795 0.097 32.1473 1.1728
5685 2 5 -0.428571 0.341494 80.795 0.097 32.1824 1.25718
5686 0 1 -1 0 80.795 0.097 32.0813 1.35701
5688 1 1 0 0.707107 80.795 0.097 31.9909 1.35357
5690 7 5 0.166667 0.284638 80.795 0.097 31.3854 1.22677
5691 5 5 0 0.316228 80.795 0.097 31.5209 1.26495
5692 8 3 0.454545 0.268563 80.795 0.097 31.2481 1.25744
5693 3 7 -0.4 0.289828 80.795 0.097 31.0457 1.2408
5694 7 7 0 0.267261 80.795 0.097 30.778 1.20038
5696 10 7 0.176471 0.238729 80.795 0.097 30.9279 1.29724
5697 5 6 -0.0909091 0.300263 80.795 0.097 31.1176 1.11059
5698 11 10 0.047619 0.21797 80.795 0.097 31.2569 1.10635
5699 2 5 -0.428571 0.341494 80.795 0.097 31.3146 1.21295
5700 2 1 0.333333 0.544331 80.795 0.097 31.2501 1.31408
5702 7 6 0.0769231 0.276528 80.795 0.097 31.4998 1.33559
5703 1 0 1 0 80.795 0.097 32.7246 1.37612
5704 4 3 0.142857 0.374088 80.795 0.097 32.9082 1.29305
5705 7 8 -0.0666667 0.257624 80.795 0.097 32.8829 1.34396
5706 7 7 0 0.267261 80.795 0.097 32.8943 1.22323
5707 9 10 -0.0526316 0.229098 80.795 0.097 32.6621 1.37633
5708 0 5 -1 0 80.795 0.097 32.3814 1.37222
5709 5 9 -0.285714 0.25612 80.795 0.097 32.3063 1.31846
5710 4 2 0.333333 0.3849 80.795 0.097 32.3442 1.36408
5711 4 7 -0.272727 0.290081 80.795 0.097 32.3931 1.29557
5712 1 3 -0.5 0.433013 80.795 0.097 33.6873 1.40812
5713 2 3 -0.2 0.438178 80.795 0.097 33.7531 1.40412
5714 15 4 0.578947 0.187058 80.795 0.097 33.2766 1.24853
5717 7 6 0.0769231 0.276528 80.795 0.097 32.8456 1.32227
5718 8 7 0.0666667 0.257624 80.795 0.097 32.9983 1.23812
5721 5 3 0.25 0.342327 80.795 0.097 33.2013 1.31438
5722 6 3 0.333333 0.31427 80.795 0.097 33.0831 1.31211
5723 11 4 0.466667 0.22836 80.795 0.097 32.6149 1.33324
5724 6 8 -0.142857 0.26452 80.795 0.097 37.1596 1.91952
5725 10 4 0.428571 0.241473 80.795 0.097 46.0898 3.22264
5726 4 3 0.142857 0.374088 80.795 0.097 55.3909 5.23745
5727 5 4 0.111111 0.331269 80.795 0.097 31.4407 1.32566
5728 0 3 -1 0 80.795 0.097 31.5312 1.33161
5730 3 5 -0.25 0.342327 80.795 0.097 31.5898 1.34007
5732 8 6 0.142857 0.26452 80.795 0.097 31.7827 1.24256
5733 6 6 0 0.288675 80.795 0.097 31.8355 1.28302
5734 5 5 0 0.316228 80.795 0.097 31.9041 1.33756
5735 2 4 -0.333333 0.3849 80.795 0.097 32.011 1.33548
5736 0 3 -1 0 80.795 0.097 32.1343 1.34161
5737 3 0 1 0 80.795 0.097 32.2876 1.101
5739 3 5 -0.25 0.342327 80.795 0.097 32.9005 1.38061
5740 4 6 -0.2 0.309839 80.795 0.097 33.0436 1.32503
5741 8 4 0.333333 0.272166 80.795 0.097 33.1029 1.40837
5742 1 1 0 0.707107 80.795 0.097 33.2067 1.41435
5743 12 7 0.263158 0.221329 80.795 0.097 33.1058 1.29683
5744 10 9 0.0526316 0.229098 80.795 0.097 32.9195 1.24031
5745 6 11 -0.294118 0.231808 80.795 0.097 32.8342 1.25723
5748 6 2 0.5 0.306186 80.795 0.097 32.6678 1.3751
5751 0 2 -1 0 80.795 0.097 32.642 1.37041
5752 16 8 0.333333 0.19245 80.795 0.097 32.5679 1.18488
5753 0 3 -1 0 80.795 0.097 32.6019 1.36664
5754 1 1 0 0.707107 80.795 0.097 32.5558 1.36668
5755 2 1 0.333333 0.544331 80.795 0.097 32.5019 1.36672
5756 9 12 -0.142857 0.21598 80.795 0.097 32.4074 1.33391
5761 7 15 -0.363636 0.198605 80.795 0.097 32.1992 1.26435
5762 10 6 0.25 0.242061 80.795 0.097 32.1938 1.35564
5763 8 3 0.454545 0.268563 80.795 0.097 32.2801 1.22714
5764 9 6 0.2 0.252982 80.795 0.097 32.3715 1.23003
5765 4 11 -0.466667 0.22836 80.795 0.097 32.559 1.32588
5768 7 10 -0.176471 0.238729 80.795 0.097 32.6264 1.20782
5770 3 8 -0.454545 0.268563 80.795 0.097 32.8734 1.32802
5771 1 0 1 0 80.795 0.097 -1 -1
5773 13 8 0.238095 0.211942 80.795 0.097 -1 -1
5778 15 22 -0.189189 0.16143 80.795 0.097 -1 -1
5779 11 11 0 0.213201 80.795 0.097 32.5138 1.23909
5781 7 10 -0.176471 0.238729 80.795 0.097 32.3844 1.28024
5783 7 4 0.272727 0.290081 80.795 0.097 32.3806 1.24201
5784 11 7 0.222222 0.229809 80.795 0.097 32.4126 1.3489
5785 20 14 0.176471 0.168807 80.795 0.097 32.3107 1.26867
5805 6 0 1 0 80.795 0.097 40.7852 1.70152
5809 4 5 -0.111111 0.331269 80.795 0.097 39.5362 1.50578
5810 2 0 1 0 80.795 0.097 40.0777 1.68192
5815 15 7 0.363636 0.198605 80.795 0.097 40.7139 1.53704
5816 8 2 0.6 0.252982 80.795 0.097 39.7945 1.58486
5818 3 8 -0.454545 0.268563 80.795 0.097 39.1403 1.63679
5819 2 5 -0.428571 0.341494 80.795 0.097 38.7874 1.62537
5820 0 2 -1 0 80.795 0.097 38.5934 1.14468
5828 8 3 0.454545 0.268563 80.795 0.097 54.5148 5.74886
5829 8 8 0 0.25 80.795 0.097 39.0046 1.57266
5830 0 4 -1 0 80.795 0.097 39.3634 1.44699
5831 1 1 0 0.707107 80.795 0.097 39.6838 1.66754
5832 3 3 0 0.408248 80.795 0.097 40.0024 1.65946
5837 7 6 0.0769231 0.276528 80.795 0.097 39.7219 1.57627
5838 1 1 0 0.707107 80.795 0.097 39.5939 1.6316
5839 3 5 -0.25 0.342327 80.795 0.097 39.3897 1.61839
5840 7 7 0 0.267261 80.795 0.097 39.3431 1.62724
5841 8 7 0.0666667 0.257624 80.795 0.097 39.315 1.64732
5843 1 0 1 0 80.795 0.097 39.4295 1.66345
5844 1 1 0 0.707107 80.795 0.097 39.492 1.17851
5852 0 1 -1 0 80.795 0.097 40 1.68633
5854 3 5 -0.25 0.342327 80.795 0.097 39.9434 1.46119
5856 7 5 0.166667 0.284638 80.795 0.097 40.2954 1.52752
5858 4 5 -0.111111 0.331269 80.795 0.097 40.1647 1.56179
5859 12 1 0.846154 0.147811 80.795 0.097 39.8776 1.64898
5860 10 5 0.333333 0.243432 80.795 0.097 39.3276 1.63833
5861 6 9 -0.2 0.252982 80.795 0.097 39.1535 1.57158
5862 6 5 0.0909091 0.300263 80.795 0.097 39.0433 1.46404
5863 10 10 0 0.223607 80.795 0.097 38.9121 1.4485
5864 9 8 0.0588235 0.242116 80.795 0.097 38.9436 1.40096
5865 5 7 -0.166667 0.284638 80.795 0.097 39.3517 2.09138
5866 8 4 0.333333 0.272166 80.795 0.097 41.7131 4.95801
5868 8 5 0.230769 0.269864 80.795 0.097 43.4426 6.57287
5869 3 5 -0.25 0.342327 80.795 0.097 37.4151 1.46786
5870 10 4 0.428571 0.241473 80.795 0.097 37.745 1.44797
5871 6 7 -0.0769231 0.276528 80.795 0.097 37.9841 1.50861
5872 6 1 0.714286 0.26452 80.795 0.097 38.2906 1.33419
5873 3 6 -0.333333 0.31427 80.795 0.097 38.4404 1.49662
5874 0 2 -1 0 80.795 0.097 38.5358 1.59335
5875 7 4 0.272727 0.290081 80.795 0.097 38.6951 1.44565
5877 10 13 -0.130435 0.206733 80.795 0.097 38.6996 1.42704
5879 4 2 0.333333 0.3849 80.795 0.097 38.6859 1.6042
5880 6 4 0.2 0.309839 80.795 0.097 38.6342 1.60446
5881 3 3 0 0.408248 80.795 0.097 38.7056 1.6067
5882 11 7 0.222222 0.229809 80.795 0.097 38.793 1.42143
5883 6 5 0.0909091 0.300263 80.795 0.097 38.8546 1.46147
5884 14 8 0.272727 0.205119 80.795 0.097 38.8176 1.46175
5885 8 4 0.333333 0.272166 80.795 0.097 38.6613 1.54423
5886 4 10 -0.428571 0.241473 80.795 0.097 38.5519 1.55144
5887 7 7 0 0.267261 80.795 0.097 38.5705 1.78805
5888 3 10 -0.538462 0.233709 80.795 0.097 38.7775 1.99882
5889 12 10 0.0909091 0.212318 80.795 0.097 38.9294 1.94562
5890 7 14 -0.333333 0.205738 80.795 0.097 39.0306 2.1624
5891 10 4 0.428571 0.241473 80.795 0.097 38.9721 1.97633
5892 2 7 -0.555556 0.27716 80.795 0.097 38.962 1.76856
5893 6 7 -0.0769231 0.276528 80.795 0.097 45.8137 2.8377
5894 16 4 0.6 0.178885 80.795 0.097 56.4621 4.83778
5895 8 12 -0.2 0.219089 80.795 0.097 37.9346 1.44439
5896 4 7 -0.272727 0.290081 80.795 0.097 38.7505 1.46001
5898 6 10 -0.25 0.242061 80.795 0.097 39.1916 1.34832
5899 12 11 0.0434783 0.208317 80.795 0.097 38.9611 1.57694
5900 1 0 1 0 80.795 0.097 38.787 1.60272
5901 9 13 -0.181818 0.209647 80.795 0.097 39.1105 1.46081
5902 1 1 0 0.707107 80.795 0.097 39.2806 1.62127
5903 5 4 0.111111 0.331269 80.795 0.097 39.2432 1.62335
5904 5 5 0 0.316228 80.795 0.097 39.0282 1.54882
5912 3 5 -0.25 0.342327 80.795 0.097 39.4726 1.55167
5914 5 8 -0.230769 0.269864 80.795 0.097 39.2521 1.52796
5915 5 7 -0.166667 0.284638 80.795 0.097 38.8816 1.63395
5917 4 5 -0.111111 0.331269 80.795 0.097 38.6685 1.54079
5918 4 2 0.333333 0.3849 80.795 0.097 38.5258 1.61982
5919 14 9 0.217391 0.203528 80.795 0.097 38.3304 1.57962
5923 3 1 0.5 0.433013 80.795 0.097 35.6953 1.52004
5924 1 3 -0.5 0.433013 80.795 0.097 35.4231 1.30737
5925 5 3 0.25 0.342327 80.795 0.097 35.6496 1.41787
5926 5 8 -0.230769 0.269864 80.795 0.097 36.0462 1.33963
5927 6 2 0.5 0.306186 80.795 0.097 36.4244 1.35621
5931 7 9 -0.125 0.248039 80.795 0.097 34.7978 1.42258
5932 4 4 0 0.353553 80.795 0.097 33.8585 1.33785
5933 6 5 0.0909091 0.300263 80.795 0.097 -1 -1
5934 2 1 0.333333 0.544331 80.795 0.097 -1 -1
5935 6 3 0.333333 0.31427 80.795 0.097 -1 -1
5936 3 2 0.2 0.438178 80.795 0.097 -1 -1
5937 9 7 0.125 0.248039 80.795 0.097 -1 -1
5938 3 1 0.5 0.433013 80.795 0.097 32.7475 1.19337
5941 6 6 0 0.288675 80.795 0.097 33.9035 1.37318
5942 4 5 -0.111111 0.331269 80.795 0.097 34.8001 1.47605
5943 4 10 -0.428571 0.241473 80.795 0.097 35.3921 1.34188
5944 2 6 -0.5 0.306186 80.795 0.097 35.938 1.4293
5945 6 7 -0.0769231 0.276528 80.795 0.097 36.4166 1.42071
5947 11 4 0.466667 0.22836 80.795 0.097 36.6246 1.34174
5948 7 6 0.0769231 0.276528 80.795 0.097 36.8432 1.45337
5949 4 0 1 0 80.795 0.097 37.0661 1.85027
5950 6 4 0.2 0.309839 80.795 0.097 37.2949 2.04443
5951 2 6 -0.5 0.306186 80.795 0.097 37.747 3.25262
5952 4 5 -0.111111 0.331269 80.795 0.097 37.5375 3.8586
5965 2 1 0.333333 0.544331 80.795 0.097 43.0904 1.80028
5966 0 1 -1 0 80.795 0.097 42.3868 1.78874
5967 1 0 1 0 80.795 0.097 42.1428 1.78474
5968 0 4 -1 0 80.795 0.097 41.7525 1.24553
5971 4 1 0.6 0.357771 80.795 0.097 41.5244 1.74691
5974 2 0 1 0 80.795 0.097 41.0994 1.71967
5975 6 6 0 0.288675 80.795 0.097 40.9796 1.64101
5976 7 5 0.166667 0.284638 80.795 0.097 40.8788 1.57376
5980 1 2 -0.333333 0.544331 80.795 0.097 40.7485 1.39379
5985 11 8 0.157895 0.226538 80.795 0.097 40.8348 1.51934
5986 6 3 0.333333 0.31427 80.795 0.097 40.8844 1.61373
5987 5 5 0 0.316228 80.795 0.097 40.8891 1.62543
5988 6 3 0.333333 0.31427 80.795 0.097 40.8008 1.71398
5989 1 1 0 0.707107 80.795 0.097 40.7228 1.71453
5990 8 6 0.142857 0.26452 80.795 0.097 40.515 1.5745
5991 5 15 -0.5 0.193649 80.795 0.097 40.3379 1.46078
5994 8 7 0.0666667 0.257624 80.795 0.097 40.1832 1.61613
5995 5 6 -0.0909091 0.300263 80.795 0.097 40.2783 1.5171
5996 0 6 -1 0 80.795 0.097 40.3433 1.68018
5997 3 6 -0.333333 0.31427 80.795 0.097 40.5301 1.68864
5998 7 8 -0.0666667 0.257624 80.795 0.097 40.6544 1.63683
5999 9 4 0.384615 0.256015 80.795 0.097 40.7331 1.63123
6001 9 8 0.0588235 0.242116 80.795 0.097 40.8271 1.59889
6002 0 3 -1 0 80.795 0.097 40.8831 1.70472
6003 15 6 0.428571 0.197162 80.795 0.097 40.8468 1.53364
6004 3 7 -0.4 0.289828 80.795 0.097 40.7554 1.70348
6005 6 9 -0.2 0.252982 80.795 0.097 40.6697 1.64841
6006 5 9 -0.285714 0.25612 80.795 0.097 40.5942 1.50823
6007 2 3 -0.2 0.438178 80.795 0.097 42.8286 2.2198
6008 10 4 0.428571 0.241473 80.795 0.097 48.488 3.37891
6009 1 4 -0.6 0.357771 80.795 0.097 54.3367 4.77883
6010 6 7 -0.0769231 0.276528 80.795 0.097 59.6585 5.96413
6012 5 3 0.25 0.342327 80.795 0.097 39.5741 1.64655
6013 8 8 0 0.25 80.795 0.097 39.7867 1.43334
6014 11 8 0.157895 0.226538 80.795 0.097 40.0017 1.52625
6016 14 7 0.333333 0.205738 80.795 0.097 40.1996 1.63542
6017 10 6 0.25 0.242061 80.795 0.097 40.2461 1.62588
6018 6 6 0 0.288675 80.795 0.097 40.2824 1.53697
6019 6 5 0.0909091 0.300263 80.795 0.097 40.3497 1.68745
6020 11 7 0.222222 0.229809 80.795 0.097 40.4361 1.59897
6024 3 7 -0.4 0.289828 80.795 0.097 40.5676 1.60759
6025 5 11 -0.375 0.231756 80.795 0.097 40.5972 1.58714
6026 2 7 -0.555556 0.27716 80.795 0.097 40.6037 1.69884
6027 9 9 0 0.235702 80.795 0.097 40.6101 1.55285
6028 7 10 -0.176471 0.238729 80.795 0.097 40.6211 1.59874
6029 9 10 -0.0526316 0.229098 80.795 0.097 40.6364 1.6095
6030 4 6 -0.2 0.309839 80.795 0.097 40.6493 1.61387
6031 3 4 -0.142857 0.374088 80.795 0.097 40.6629 1.5746
6032 1 1 0 0.707107 80.795 0.097 40.6724 1.70098
6033 7 10 -0.176471 0.238729 80.795 0.097 40.6934 1.48847
6034 7 4 0.272727 0.290081 80.795 0.097 40.7326 1.70441
6035 6 3 0.333333 0.31427 80.795 0.097 40.7598 1.70596
6036 0 2 -1 0 80.795 0.097 40.6159 1.2066
6037 3 2 0.2 0.438178 80.795 0.097 40.5453 1.70619
6038 4 8 -0.333333 0.272166 80.795 0.097 40.4033 1.70579
6039 8 8 0 0.25 80.795 0.097 40.2562 1.59524
6040 6 5 0.0909091 0.300263 80.795 0.097 40.1855 1.62179
6041 2 1 0.333333 0.544331 80.795 0.097 40.2006 1.68981
6042 8 5 0.230769 0.269864 80.795 0.097 40.2066 1.5502
6043 8 3 0.454545 0.268563 80.795 0.097 40.2183 1.59871
6044 2 5 -0.428571 0.341494 80.795 0.097 40.2562 1.55149
6048 5 4 0.111111 0.331269 80.795 0.097 40.3412 1.48451
6050 7 5 0.166667 0.284638 80.795 0.097 40.4016 1.6162
6051 9 6 0.2 0.252982 80.795 0.097 40.4495 1.5116
6052 0 2 -1 0 80.795 0.097 40.5114 1.69047
6060 5 6 -0.0909091 0.300263 80.795 0.097 40.52 1.4388
6061 6 3 0.333333 0.31427 80.795 0.097 40.4014 1.58209
6062 3 3 0 0.408248 80.795 0.097 40.3467 1.52844
6063 9 6 0.2 0.252982 80.795 0.097 40.3227 1.62113
6064 6 3 0.333333 0.31427 80.795 0.097 40.3675 1.68075
6065 8 5 0.230769 0.269864 80.795 0.097 40.4021 1.55089
6066 3 3 0 0.408248 80.795 0.097 40.4539 1.54556
6068 0 2 -1 0 80.795 0.097 40.4585 1.69377
6069 4 2 0.333333 0.3849 80.795 0.097 40.453 1.69306
6070 7 11 -0.222222 0.229809 80.795 0.097 40.4446 1.60046
6071 6 8 -0.142857 0.26452 80.795 0.097 40.4347 1.51216
6072 8 4 0.333333 0.272166 80.795 0.097 40.4266 1.68962
6073 4 11 -0.466667 0.22836 80.795 0.097 40.4557 1.45045
6074 3 1 0.5 0.433013 80.795 0.097 40.5305 1.70404
6075 2 2 0 0.5 80.795 0.097 40.628 1.71752
6077 2 7 -0.555556 0.27716 80.795 0.097 40.637 1.62957
6079 5 1 0.666667 0.30429 80.795 0.097 40.5159 1.69829
6081 4 5 -0.111111 0.331269 80.795 0.097 40.4315 1.58871
6082 8 4 0.333333 0.272166 80.795 0.097 -1 -1
6083 13 8 0.238095 0.211942 80.795 0.097 -1 -1
