#run N+ N- A_raw dA_raw beamPol dBeam targetPol dTgt
3510 1 0 1 0 86.185 0.163 45.2244 1.28259
3511 1 1 0 0.707107 86.185 0.163 45.2271 1.28274
3512 1 0 1 0 86.185 0.163 45.2336 1.28309
3514 3 1 0.5 0.433013 86.185 0.163 45.2407 1.28348
3515 1 0 1 0 86.185 0.163 45.249 1.28394
3517 3 6 -0.333333 0.31427 86.185 0.163 45.257 1.28437
3518 5 2 0.428571 0.341494 86.185 0.163 45.2695 1.28505
3519 7 5 0.166667 0.284638 86.185 0.163 45.2827 1.28577
3520 4 7 -0.272727 0.290081 86.185 0.163 45.2977 1.16377
3521 3 3 0 0.408248 86.185 0.163 45.3048 1.28697
3523 3 3 0 0.408248 86.185 0.163 45.3127 1.28741
3524 5 6 -0.0909091 0.300263 86.185 0.163 45.33 1.28834
3525 4 6 -0.2 0.309839 86.185 0.163 45.3433 1.22909
3526 1 4 -0.6 0.357771 86.185 0.163 45.3565 1.28979
3552 4 3 0.142857 0.374088 86.185 0.163 47.0736 1.34142
3553 4 3 0.142857 0.374088 86.185 0.163 45.5874 1.30003
3554 1 0 1 0 86.185 0.163 44.6129 1.27265
3555 4 4 0 0.353553 86.185 0.163 44.217 1.26143
3556 4 6 -0.2 0.309839 86.185 0.163 43.9636 1.25405
3557 9 3 0.5 0.25 86.185 0.163 43.7609 1.13944
3558 13 4 0.529412 0.205759 86.185 0.163 43.5814 1.12985
3559 3 2 0.2 0.438178 86.185 0.163 43.5505 1.24711
3560 7 6 0.0769231 0.276528 86.185 0.163 43.5095 1.20074
3561 7 3 0.4 0.289828 86.185 0.163 43.7137 1.1879
3562 7 6 0.0769231 0.276528 86.185 0.163 44.0662 1.09962
3578 7 3 0.4 0.289828 86.185 0.163 44.0136 1.20531
3579 13 9 0.181818 0.209647 86.185 0.163 43.845 1.07681
3580 3 9 -0.5 0.25 86.185 0.163 43.6773 1.20119
3581 5 6 -0.0909091 0.300263 86.185 0.163 43.5081 1.0796
3582 2 1 0.333333 0.544331 86.185 0.163 43.8885 1.24888
3583 2 0 1 0 86.185 0.163 44.1416 1.25211
3588 6 2 0.5 0.306186 86.185 0.163 44.486 1.25902
3589 5 10 -0.333333 0.243432 86.185 0.163 43.7136 1.21363
3590 4 9 -0.384615 0.256015 86.185 0.163 42.9421 1.20442
3591 11 3 0.571429 0.219328 86.185 0.163 42.6502 1.20524
3592 6 7 -0.0769231 0.276528 86.185 0.163 42.7626 1.24833
3593 8 7 0.0666667 0.257624 86.185 0.163 42.8758 1.15985
3594 11 6 0.294118 0.231808 86.185 0.163 43.0122 1.12798
3595 6 9 -0.2 0.252982 86.185 0.163 43.1151 1.24066
3596 1 3 -0.5 0.433013 86.185 0.163 43.1842 1.07312
3671 3 0 1 0 86.185 0.163 47.6745 1.40015
3672 4 2 0.333333 0.3849 86.185 0.163 46.8391 1.38374
3673 7 3 0.4 0.289828 86.185 0.163 45.822 1.36412
3694 0 5 -1 0 86.185 0.163 49.7944 1.55462
3695 2 6 -0.5 0.306186 86.185 0.163 49.3035 1.6106
3696 1 1 0 0.707107 86.185 0.163 48.5624 1.69575
3697 3 1 0.5 0.433013 86.185 0.163 48.6352 1.69342
3698 2 0 1 0 86.185 0.163 48.7296 1.69039
3701 2 3 -0.2 0.438178 86.185 0.163 49.0563 1.67992
3702 10 12 -0.0909091 0.212318 86.185 0.163 48.4698 1.58742
3703 6 13 -0.368421 0.213278 86.185 0.163 47.5298 1.55999
3704 8 8 0 0.25 86.185 0.163 46.9941 1.58855
3705 6 6 0 0.288675 86.185 0.163 46.7217 1.56767
3706 0 0 0 0 86.185 0.163 46.6458 1.63626
3708 2 0 1 0 86.185 0.163 47.0121 1.63768
3709 10 6 0.25 0.242061 86.185 0.163 47.3142 1.53303
3710 10 4 0.428571 0.241473 86.185 0.163 47.7553 1.58095
3711 5 7 -0.166667 0.284638 86.185 0.163 47.4719 1.5618
3712 5 5 0 0.316228 86.185 0.163 46.6215 1.53194
3713 6 4 0.2 0.309839 86.185 0.163 46.2226 1.5315
3714 8 5 0.230769 0.269864 86.185 0.163 46.434 1.55236
3715 10 11 -0.047619 0.21797 86.185 0.163 46.5704 1.5337
3716 9 9 0 0.235702 86.185 0.163 46.5785 1.47731
3717 10 6 0.25 0.242061 86.185 0.163 46.807 1.62425
3718 1 4 -0.6 0.357771 86.185 0.163 47.2526 1.6312
3719 4 8 -0.333333 0.272166 86.185 0.163 47.5592 1.57601
3720 2 0 1 0 86.185 0.163 47.6889 1.65739
3721 1 0 1 0 86.185 0.163 47.7848 1.6662
3722 5 2 0.428571 0.341494 86.185 0.163 48.9585 1.60933
3723 4 2 0.333333 0.3849 86.185 0.163 48.9118 1.73857
3729 6 6 0 0.288675 86.185 0.163 47.4886 1.52942
3730 1 1 0 0.707107 86.185 0.163 48.8087 1.19249
3731 2 4 -0.333333 0.3849 86.185 0.163 48.0949 1.75623
3732 10 4 0.428571 0.241473 86.185 0.163 47.2587 1.7699
3733 4 1 0.6 0.357771 86.185 0.163 46.932 1.83622
3734 9 4 0.384615 0.256015 86.185 0.163 47.0207 1.7679
3737 8 2 0.6 0.252982 86.185 0.163 47.1461 1.67092
3738 3 2 0.2 0.438178 86.185 0.163 47.1807 1.44477
3739 8 4 0.333333 0.272166 86.185 0.163 47.0907 1.47391
3740 9 10 -0.0526316 0.229098 86.185 0.163 47.0067 1.52659
3741 6 9 -0.2 0.252982 86.185 0.163 47.1886 1.62278
3742 2 3 -0.2 0.438178 86.185 0.163 47.47 1.63435
3748 7 6 0.0769231 0.276528 86.185 0.163 48.793 1.55953
3749 7 1 0.75 0.233854 86.185 0.163 48.6808 1.67512
3750 4 1 0.6 0.357771 86.185 0.163 48.4628 1.65957
3752 10 4 0.428571 0.241473 86.185 0.163 48.0302 1.39419
3753 2 3 -0.2 0.438178 86.185 0.163 47.697 1.64301
3754 4 3 0.142857 0.374088 86.185 0.163 47.3409 1.63532
3755 6 4 0.2 0.309839 86.185 0.163 47.106 1.63002
3756 13 5 0.444444 0.211144 86.185 0.163 46.7462 1.37804
3758 5 6 -0.0909091 0.300263 86.185 0.163 46.4933 1.61572
3759 3 5 -0.25 0.342327 86.185 0.163 46.3234 1.60999
3761 3 4 -0.142857 0.374088 86.185 0.163 46.3017 1.48591
3762 10 7 0.176471 0.238729 86.185 0.163 46.2763 1.45147
3763 10 8 0.111111 0.234243 86.185 0.163 46.2945 1.50473
3764 8 3 0.454545 0.268563 86.185 0.163 46.3554 1.36057
3765 8 7 0.0666667 0.257624 86.185 0.163 46.4414 1.49177
3766 8 11 -0.157895 0.226538 86.185 0.163 46.5656 1.46288
3767 9 5 0.285714 0.25612 86.185 0.163 43.7334 1.39016
3784 1 5 -0.666667 0.30429 86.185 0.163 51.355 1.50886
3786 1 1 0 0.707107 86.185 0.163 51.1102 1.64561
3787 4 3 0.142857 0.374088 86.185 0.163 50.7995 1.23753
3788 7 4 0.272727 0.290081 86.185 0.163 50.2835 1.46825
3789 6 5 0.0909091 0.300263 86.185 0.163 49.1106 1.59198
3790 1 1 0 0.707107 86.185 0.163 48.629 1.11655
3791 4 2 0.333333 0.3849 86.185 0.163 48.5547 1.58211
3795 1 0 1 0 86.185 0.163 48.8715 1.60711
3796 0 1 -1 0 86.185 0.163 39.8814 1.33201
3810 3 4 -0.142857 0.374088 86.185 0.163 51.1572 1.55928
3811 4 3 0.142857 0.374088 86.185 0.163 50.7781 1.54057
3812 7 3 0.4 0.289828 86.185 0.163 50.4012 1.46878
3813 1 4 -0.6 0.357771 86.185 0.163 50.3858 1.63055
3815 1 0 1 0 86.185 0.163 51.0066 1.61632
3822 2 2 0 0.5 86.185 0.163 50.7267 1.60249
3823 3 5 -0.25 0.342327 86.185 0.163 50.9174 1.61306
3824 3 3 0 0.408248 86.185 0.163 50.9894 1.61697
3825 8 7 0.0666667 0.257624 86.185 0.163 50.7423 1.44157
3826 3 7 -0.4 0.289828 86.185 0.163 50.2368 1.59931
3827 7 4 0.272727 0.290081 86.185 0.163 49.6238 1.44611
3828 8 5 0.230769 0.269864 86.185 0.163 49.121 1.5093
3829 3 4 -0.142857 0.374088 86.185 0.163 48.8374 1.56386
3830 6 10 -0.25 0.242061 86.185 0.163 48.8203 1.51333
3832 7 6 0.0769231 0.276528 86.185 0.163 48.8078 1.43707
3833 7 3 0.4 0.289828 86.185 0.163 48.793 1.56148
3835 4 8 -0.333333 0.272166 86.185 0.163 48.8538 1.46027
3836 4 6 -0.2 0.309839 86.185 0.163 48.9962 1.46841
3837 7 3 0.4 0.289828 86.185 0.163 49.0398 1.38869
3838 3 4 -0.142857 0.374088 86.185 0.163 49.139 1.67719
3839 8 3 0.454545 0.268563 86.185 0.163 49.1663 1.66881
3840 9 6 0.2 0.252982 86.185 0.163 49.1912 1.66117
3841 6 3 0.333333 0.31427 86.185 0.163 49.2209 1.45699
3842 6 6 0 0.288675 86.185 0.163 49.3128 1.40523
3843 6 6 0 0.288675 86.185 0.163 49.3658 1.53528
3844 4 3 0.142857 0.374088 86.185 0.163 49.4264 1.58434
3846 4 5 -0.111111 0.331269 86.185 0.163 49.7819 1.5759
3847 8 7 0.0666667 0.257624 86.185 0.163 50.0249 1.41009
3848 6 5 0.0909091 0.300263 86.185 0.163 50.2302 1.50991
3849 7 8 -0.0666667 0.257624 86.185 0.163 49.9687 1.51939
3850 8 8 0 0.25 86.185 0.163 49.5284 1.45851
3851 9 5 0.285714 0.25612 86.185 0.163 48.8226 1.42914
3852 9 10 -0.0526316 0.229098 86.185 0.163 47.3335 1.43339
3853 5 4 0.111111 0.331269 86.185 0.163 45.2748 1.32147
3854 4 7 -0.272727 0.290081 86.185 0.163 43.0762 1.22736
3855 7 7 0 0.267261 86.185 0.163 41.4218 1.35563
3856 12 11 0.0434783 0.208317 86.185 0.163 36.7431 1.21217
3857 2 3 -0.2 0.438178 86.185 0.163 34.9886 1.29044
3858 6 5 0.0909091 0.300263 86.185 0.163 30.2911 1.1489
3859 10 10 0 0.223607 86.185 0.163 28.2612 1.04466
3860 4 2 0.333333 0.3849 86.185 0.163 26.3651 1.13323
3861 4 4 0 0.353553 86.185 0.163 22.7328 0.923637
3864 6 3 0.333333 0.31427 86.185 0.163 45.1172 1.36765
3866 7 4 0.272727 0.290081 86.185 0.163 46.8006 1.50793
3868 5 2 0.428571 0.341494 86.185 0.163 48.0047 1.54967
3869 7 7 0 0.267261 86.185 0.163 48.6013 1.57036
3878 3 1 0.5 0.433013 82.334 0.07 53.1777 1.24097
3880 7 7 0 0.267261 82.334 0.07 52.7154 1.17355
3881 1 4 -0.6 0.357771 82.334 0.07 52.4878 0.991492
3882 5 4 0.111111 0.331269 82.334 0.07 51.9742 1.30843
3883 8 5 0.230769 0.269864 82.334 0.07 51.6943 1.27167
3884 7 6 0.0769231 0.276528 82.334 0.07 51.359 1.17836
3885 6 5 0.0909091 0.300263 82.334 0.07 51.0292 1.29788
3889 3 5 -0.25 0.342327 82.334 0.07 48.596 1.40087
3890 9 12 -0.142857 0.21598 82.334 0.07 48.2824 1.36395
3923 2 1 0.333333 0.544331 82.334 0.07 52.1168 1.61471
3924 1 0 1 0 82.334 0.07 52.1329 1.61854
3926 10 7 0.176471 0.238729 82.334 0.07 51.8949 1.53147
3927 9 2 0.636364 0.232583 82.334 0.07 51.0862 1.60439
3928 3 5 -0.25 0.342327 82.334 0.07 50.8027 1.59496
3929 5 5 0 0.316228 82.334 0.07 50.697 1.50903
3930 3 2 0.2 0.438178 82.334 0.07 50.6187 1.58745
3931 5 6 -0.0909091 0.300263 82.334 0.07 50.4606 1.34811
3932 10 9 0.0526316 0.229098 82.334 0.07 50.4426 1.49388
3933 8 6 0.142857 0.26452 82.334 0.07 50.4795 1.57953
3934 4 1 0.6 0.357771 82.334 0.07 50.5278 1.41303
3935 2 7 -0.555556 0.27716 82.334 0.07 50.5602 1.29006
3936 4 10 -0.428571 0.241473 82.334 0.07 50.56 1.52471
3937 7 8 -0.0666667 0.257624 82.334 0.07 50.5281 1.4766
3938 5 2 0.428571 0.341494 82.334 0.07 50.5061 1.34272
3939 3 5 -0.25 0.342327 82.334 0.07 50.4819 1.48884
3940 4 7 -0.272727 0.290081 82.334 0.07 50.4439 1.53962
3941 8 9 -0.0588235 0.242116 82.334 0.07 50.4204 1.54853
3942 4 3 0.142857 0.374088 82.334 0.07 50.4081 1.5426
3944 4 4 0 0.353553 82.334 0.07 50.3792 1.70848
3945 0 3 -1 0 82.334 0.07 50.3569 1.74114
3946 5 9 -0.285714 0.25612 82.334 0.07 50.343 1.63161
3947 3 6 -0.333333 0.31427 82.334 0.07 50.3203 1.7948
3948 7 7 0 0.267261 82.334 0.07 50.2962 1.54766
3951 0 1 -1 0 82.334 0.07 50.2692 1.86973
3952 9 8 0.0588235 0.242116 82.334 0.07 50.2601 1.51489
3954 10 5 0.333333 0.243432 82.334 0.07 50.2397 1.8475
3955 9 7 0.125 0.248039 82.334 0.07 50.3195 1.71431
3956 3 7 -0.4 0.289828 82.334 0.07 50.449 1.66929
3957 12 9 0.142857 0.21598 82.334 0.07 50.5883 1.73914
3959 7 10 -0.176471 0.238729 82.334 0.07 50.9063 1.74388
3960 5 5 0 0.316228 82.334 0.07 51.0603 1.70262
3961 9 4 0.384615 0.256015 82.334 0.07 51.1973 1.5332
3962 1 2 -0.333333 0.544331 82.334 0.07 51.3247 1.63173
3963 4 4 0 0.353553 82.334 0.07 51.3555 1.50966
3964 9 6 0.2 0.252982 82.334 0.07 51.3133 1.56157
3965 2 0 1 0 82.334 0.07 51.2808 1.61191
3966 5 6 -0.0909091 0.300263 82.334 0.07 51.2562 1.53627
3967 0 2 -1 0 82.334 0.07 51.6579 1.6168
3968 5 2 0.428571 0.341494 82.334 0.07 52.4092 1.52308
3970 12 11 0.0434783 0.208317 82.334 0.07 53.3313 1.5658
3972 4 11 -0.466667 0.22836 82.334 0.07 53.0923 1.46015
3973 5 5 0 0.316228 82.334 0.07 52.9717 1.54456
3974 6 2 0.5 0.306186 82.334 0.07 52.8919 1.53079
3975 3 5 -0.25 0.342327 82.334 0.07 52.8046 1.61914
3976 1 4 -0.6 0.357771 82.334 0.07 52.7387 1.61562
3977 4 6 -0.2 0.309839 82.334 0.07 52.9101 1.54663
3978 2 3 -0.2 0.438178 82.334 0.07 53.0921 1.62942
3980 2 1 0.333333 0.544331 82.334 0.07 53.7154 1.65313
3981 0 1 -1 0 82.334 0.07 53.832 1.65731
3983 1 1 0 0.707107 82.334 0.07 54.1324 1.66806
3985 3 5 -0.25 0.342327 82.334 0.07 53.9117 1.49794
3986 1 1 0 0.707107 82.334 0.07 53.7819 1.67482
3996 3 3 0 0.408248 82.334 0.07 52.4708 1.63186
3998 3 2 0.2 0.438178 82.334 0.07 51.6344 1.44085
4023 1 1 0 0.707107 82.334 0.07 50.5224 1.66435
4024 2 0 1 0 82.334 0.07 50.4878 1.1739
4025 5 1 0.666667 0.30429 82.334 0.07 50.4057 1.52813
4027 2 0 1 0 82.334 0.07 50.3155 1.63918
4028 4 6 -0.2 0.309839 82.334 0.07 50.237 1.62963
4029 6 3 0.333333 0.31427 82.334 0.07 50.2913 1.62765
4030 2 1 0.333333 0.544331 82.334 0.07 50.3879 1.63108
4031 2 6 -0.5 0.306186 82.334 0.07 50.4841 1.52907
4032 1 2 -0.333333 0.544331 82.334 0.07 50.6694 1.64107
4034 1 2 -0.333333 0.544331 82.334 0.07 50.8067 1.64423
4035 1 2 -0.333333 0.544331 82.334 0.07 50.8908 1.64434
4036 1 2 -0.333333 0.544331 82.334 0.07 50.9375 1.34265
4037 2 1 0.333333 0.544331 82.334 0.07 51.0034 1.64448
4038 3 1 0.5 0.433013 82.334 0.07 51.054 1.64455
4043 1 1 0 0.707107 82.334 0.07 51.1371 1.64466
4044 3 6 -0.333333 0.31427 82.334 0.07 51.2082 1.55068
4046 0 1 -1 0 82.334 0.07 51.2804 1.64485
4051 3 8 -0.454545 0.268563 82.334 0.07 -1 -1
4052 4 3 0.142857 0.374088 82.334 0.07 -1 -1
4053 6 3 0.333333 0.31427 82.334 0.07 -1 -1
4054 7 7 0 0.267261 82.334 0.07 -1 -1
4055 2 2 0 0.5 82.334 0.07 -1 -1
4056 1 1 0 0.707107 82.334 0.07 -1 -1
4057 3 6 -0.333333 0.31427 82.334 0.07 -1 -1
4058 4 9 -0.384615 0.256015 82.334 0.07 -1 -1
4059 5 1 0.666667 0.30429 82.334 0.07 52.326 1.48886
4060 6 4 0.2 0.309839 82.334 0.07 52.3627 1.54909
4061 2 3 -0.2 0.438178 82.334 0.07 52.3908 1.63438
4062 1 4 -0.6 0.357771 82.334 0.07 52.4358 1.46385
4063 5 3 0.25 0.342327 82.334 0.07 52.7048 1.64239
4064 2 3 -0.2 0.438178 82.334 0.07 53.2619 1.65315
4065 4 5 -0.111111 0.331269 82.334 0.07 53.9621 1.66667
4066 1 2 -0.333333 0.544331 82.334 0.07 54.4715 1.67651
4067 2 2 0 0.5 82.334 0.07 54.5443 1.4523
4068 4 6 -0.2 0.309839 82.334 0.07 54.4221 1.59882
4069 2 2 0 0.5 82.334 0.07 54.2899 1.663
4070 1 0 1 0 82.334 0.07 54.2367 1.66009
4071 5 2 0.428571 0.341494 82.334 0.07 54.1569 1.65573
4072 6 6 0 0.288675 82.334 0.07 54.2086 1.51047
4073 1 0 1 0 82.334 0.07 54.3806 1.66153
4074 7 4 0.272727 0.290081 82.334 0.07 54.6817 1.51333
4075 4 2 0.333333 0.3849 82.334 0.07 54.7156 1.67432
4076 2 4 -0.333333 0.3849 82.334 0.07 54.319 1.66134
4077 5 2 0.428571 0.341494 82.334 0.07 54.1092 1.53215
4078 8 3 0.454545 0.268563 82.334 0.07 53.7435 1.64653
4079 2 2 0 0.5 82.334 0.07 53.1644 1.63811
4080 5 2 0.428571 0.341494 82.334 0.07 52.6721 1.51011
4081 0 1 -1 0 82.334 0.07 52.4262 1.62738
4082 2 4 -0.333333 0.3849 82.334 0.07 52.6524 1.4899
4083 2 4 -0.333333 0.3849 82.334 0.07 52.951 1.63705
4084 2 4 -0.333333 0.3849 82.334 0.07 53.7096 1.64982
4085 7 4 0.272727 0.290081 82.334 0.07 54.3816 1.66498
4086 3 1 0.5 0.433013 82.334 0.07 54.1926 1.66617
4087 2 3 -0.2 0.438178 82.334 0.07 53.7939 1.66869
4088 1 2 -0.333333 0.544331 82.334 0.07 53.9865 1.68361
4089 1 2 -0.333333 0.544331 82.334 0.07 54.2288 1.69499
4091 0 1 -1 0 82.334 0.07 55.2172 1.72091
4092 0 1 -1 0 82.334 0.07 55.6609 1.71291
4093 1 2 -0.333333 0.544331 82.334 0.07 55.7963 1.71047
4095 3 0 1 0 82.334 0.07 55.2005 1.69558
4096 1 1 0 0.707107 82.334 0.07 54.8548 1.6896
4097 1 2 -0.333333 0.544331 82.334 0.07 54.3669 1.68115
4098 6 0 1 0 82.334 0.07 54.1299 1.67709
4099 3 2 0.2 0.438178 82.334 0.07 54.0024 1.4982
4100 6 5 0.0909091 0.300263 82.334 0.07 53.8362 1.6723
4101 3 2 0.2 0.438178 82.334 0.07 53.7954 1.49531
4102 4 8 -0.333333 0.272166 82.334 0.07 53.8968 1.60236
4103 3 1 0.5 0.433013 82.334 0.07 54.0216 1.67602
4104 3 4 -0.142857 0.374088 82.334 0.07 54.0582 1.67439
4105 3 4 -0.142857 0.374088 82.334 0.07 54.0605 1.67053
4106 1 1 0 0.707107 82.334 0.07 54.062 1.668
4107 0 2 -1 0 82.334 0.07 53.7707 1.66059
4114 3 4 -0.142857 0.374088 82.334 0.07 50.7324 1.64331
4115 1 2 -0.333333 0.544331 82.334 0.07 50.8392 1.64372
4116 1 1 0 0.707107 82.334 0.07 50.8852 1.16241
4117 4 6 -0.2 0.309839 82.334 0.07 50.9725 1.64422
4118 4 0 1 0 82.334 0.07 51.0658 1.64457
4119 8 2 0.6 0.252982 82.334 0.07 51.1589 1.64493
4120 2 2 0 0.5 82.334 0.07 51.3287 1.64557
4121 8 3 0.454545 0.268563 82.334 0.07 51.4329 1.48884
4122 1 1 0 0.707107 82.334 0.07 51.5283 1.64633
4155 2 2 0 0.5 82.334 0.07 53.0348 1.65203
4156 3 4 -0.142857 0.374088 82.334 0.07 53.3342 1.65903
4159 2 3 -0.2 0.438178 82.334 0.07 53.6977 1.49249
4160 2 5 -0.428571 0.341494 82.334 0.07 54.199 1.68184
4164 4 2 0.333333 0.3849 82.334 0.07 53.8559 1.67501
4165 4 7 -0.272727 0.290081 82.334 0.07 53.3268 1.51904
4167 6 3 0.333333 0.31427 82.334 0.07 52.9198 1.65459
4168 7 5 0.166667 0.284638 82.334 0.07 52.4063 1.42366
4169 2 3 -0.2 0.438178 82.334 0.07 52.2137 1.63791
4170 6 3 0.333333 0.31427 82.334 0.07 52.1899 1.63428
4171 5 4 0.111111 0.331269 82.334 0.07 52.1707 1.45913
4172 4 0 1 0 82.334 0.07 52.1536 1.62875
4173 7 7 0 0.267261 82.334 0.07 52.1341 1.44095
4174 0 1 -1 0 82.334 0.07 52.1212 1.62372
4175 6 3 0.333333 0.31427 82.334 0.07 52.1181 1.43007
4176 4 4 0 0.353553 82.334 0.07 52.1159 1.28077
4178 2 2 0 0.5 82.334 0.07 52.1138 1.61865
4179 5 2 0.428571 0.341494 82.334 0.07 52.1113 1.49702
4180 8 8 0 0.25 82.334 0.07 52.1088 1.5109
4181 7 8 -0.0666667 0.257624 82.334 0.07 52.107 1.50968
4182 5 5 0 0.316228 82.334 0.07 52.105 1.44232
4186 3 4 -0.142857 0.374088 82.334 0.07 52.1003 1.36018
4187 8 6 0.142857 0.26452 82.334 0.07 52.0988 1.42562
4188 7 1 0.75 0.233854 82.334 0.07 52.0971 1.27062
4190 3 1 0.5 0.433013 82.334 0.07 50.9291 1.59114
4192 1 0 1 0 82.334 0.07 49.9907 1.59138
4194 3 1 0.5 0.433013 82.334 0.07 51.9964 1.62311
4195 4 5 -0.111111 0.331269 82.334 0.07 52.529 1.63158
4196 7 3 0.4 0.289828 82.334 0.07 53.3063 1.55932
4197 3 9 -0.5 0.25 82.334 0.07 53.4366 1.57563
4198 9 14 -0.217391 0.203528 82.334 0.07 52.7736 1.52856
4199 8 3 0.454545 0.268563 82.334 0.07 52.0858 1.62263
4200 4 3 0.142857 0.374088 82.334 0.07 52.0664 1.50456
4201 5 4 0.111111 0.331269 82.334 0.07 52.751 1.64526
4202 1 0 1 0 82.334 0.07 52.9815 1.65206
4203 7 7 0 0.267261 82.334 0.07 53.2191 1.60242
4204 3 1 0.5 0.433013 82.334 0.07 53.1594 1.65625
4214 4 4 0 0.353553 82.334 0.07 53.0825 1.65316
4215 2 2 0 0.5 82.334 0.07 53.0462 1.66484
4216 4 2 0.333333 0.3849 82.334 0.07 53.0372 1.68981
4217 2 3 -0.2 0.438178 82.334 0.07 53.0317 1.70495
4218 1 3 -0.5 0.433013 82.334 0.07 53.0166 1.74665
4219 1 0 1 0 82.334 0.07 53.01 1.76477
4220 2 1 0.333333 0.544331 82.334 0.07 50.8226 1.70356
4223 4 4 0 0.353553 82.334 0.07 43.3459 1.43163
4224 7 4 0.272727 0.290081 82.334 0.07 42.408 1.39729
4231 8 10 -0.111111 0.234243 82.334 0.07 47.0763 1.38077
4233 7 2 0.555556 0.27716 82.334 0.07 49.6571 1.62008
4234 2 4 -0.333333 0.3849 82.334 0.07 50.812 1.62605
4236 2 0 1 0 82.334 0.07 52.0106 1.63225
4251 7 9 -0.125 0.248039 82.334 0.07 52.2424 1.59234
4252 5 14 -0.473684 0.202045 82.334 0.07 51.8165 1.52832
4253 9 4 0.384615 0.256015 82.334 0.07 51.5178 1.47007
4254 14 10 0.166667 0.201269 82.334 0.07 51.4685 1.49048
4256 8 9 -0.0588235 0.242116 82.334 0.07 51.7106 1.46351
4257 8 6 0.142857 0.26452 82.334 0.07 51.6786 1.56075
4258 1 4 -0.6 0.357771 82.334 0.07 51.5254 1.6217
4260 1 0 1 0 82.334 0.07 51.1162 1.64714
4261 3 1 0.5 0.433013 82.334 0.07 51.1108 1.43242
4262 2 2 0 0.5 82.334 0.07 51.1705 1.65522
4263 5 5 0 0.316228 82.334 0.07 51.2501 1.65681
4264 1 0 1 0 82.334 0.07 51.3575 1.65895
4265 6 8 -0.142857 0.26452 82.334 0.07 51.5606 1.60653
4266 4 1 0.6 0.357771 82.334 0.07 51.6633 1.28979
4273 3 0 1 0 82.334 0.07 53.2934 1.81961
4274 8 6 0.142857 0.26452 82.334 0.07 53.0256 1.68224
4275 3 5 -0.25 0.342327 82.334 0.07 52.8687 1.59605
4284 2 4 -0.333333 0.3849 82.334 0.07 51.995 1.62873
4285 3 2 0.2 0.438178 82.334 0.07 52.0026 1.45412
4286 2 3 -0.2 0.438178 82.334 0.07 52.0085 1.62338
4288 0 2 -1 0 82.334 0.07 52.3892 1.62646
4289 14 5 0.473684 0.202045 82.334 0.07 52.9492 1.59133
4290 5 6 -0.0909091 0.300263 82.334 0.07 53.3674 1.56463
4292 3 2 0.2 0.438178 82.334 0.07 54.0289 1.6514
4293 0 2 -1 0 82.334 0.07 54.2055 1.65813
4297 8 0 1 0 82.334 0.07 52.8655 1.52454
4298 1 2 -0.333333 0.544331 82.334 0.07 52.653 1.61786
4299 3 2 0.2 0.438178 82.334 0.07 50.8696 1.56905
4300 4 1 0.6 0.357771 82.334 0.07 48.2803 1.50059
4303 6 5 0.0909091 0.300263 82.334 0.07 48.7153 1.36662
4304 6 3 0.333333 0.31427 82.334 0.07 49.1457 1.43545
4307 7 3 0.4 0.289828 82.334 0.07 49.9629 1.3792
4308 7 4 0.272727 0.290081 82.334 0.07 50.1077 1.47022
4310 2 1 0.333333 0.544331 82.334 0.07 50.3507 1.54197
4311 3 2 0.2 0.438178 82.334 0.07 50.5122 1.37917
4315 4 2 0.333333 0.3849 82.334 0.07 50.8905 1.54193
4316 1 3 -0.5 0.433013 82.334 0.07 50.9871 1.33534
4320 3 3 0 0.408248 82.334 0.07 48.6779 1.54504
4321 1 1 0 0.707107 82.334 0.07 48.5581 1.5452
4323 2 2 0 0.5 82.334 0.07 48.1163 1.54578
4324 5 3 0.25 0.342327 82.334 0.07 48.126 1.44753
4328 7 6 0.0769231 0.276528 82.334 0.07 48.5173 1.49372
4329 7 6 0.0769231 0.276528 82.334 0.07 48.8196 1.49929
4330 6 6 0 0.288675 82.334 0.07 49.0529 1.42844
4332 5 0 1 0 82.334 0.07 49.431 1.40717
4333 4 5 -0.111111 0.331269 82.334 0.07 49.5471 1.5777
4334 2 0 1 0 82.334 0.07 49.6512 1.5819
4335 1 1 0 0.707107 82.334 0.07 49.7179 1.5846
4339 2 2 0 0.5 82.334 0.07 48.0603 1.32225
4341 9 7 0.125 0.248039 82.334 0.07 48.4082 1.33022
4343 5 5 0 0.316228 82.334 0.07 48.3167 1.46179
4344 0 3 -1 0 82.334 0.07 48.0849 1.5399
4354 4 7 -0.272727 0.290081 82.334 0.07 47.8474 1.53961
4355 8 10 -0.111111 0.234243 82.334 0.07 48.1308 1.30973
4356 4 8 -0.333333 0.272166 82.334 0.07 47.8564 1.47145
4357 8 10 -0.111111 0.234243 82.334 0.07 47.2108 1.2874
4359 6 2 0.5 0.306186 82.334 0.07 46.6347 1.50084
4360 7 5 0.166667 0.284638 82.334 0.07 46.6108 1.44261
4361 6 7 -0.0769231 0.276528 82.334 0.07 47.0327 1.52765
4363 7 9 -0.125 0.248039 82.334 0.07 47.8368 1.56243
4364 9 5 0.285714 0.25612 82.334 0.07 47.978 1.49932
4365 4 2 0.333333 0.3849 82.334 0.07 48.0766 1.41583
4367 3 1 0.5 0.433013 82.334 0.07 48.2026 1.54535
4368 3 9 -0.5 0.25 82.334 0.07 48.2465 1.47778
4370 7 3 0.4 0.289828 82.334 0.07 48.2731 1.46354
4371 6 7 -0.0769231 0.276528 82.334 0.07 48.2932 1.35253
4372 7 9 -0.125 0.248039 82.334 0.07 48.3163 1.44194
4374 2 5 -0.428571 0.341494 82.334 0.07 48.2583 1.53893
4375 5 5 0 0.316228 82.334 0.07 48.1155 1.53756
4376 2 6 -0.5 0.306186 82.334 0.07 47.97 1.53617
4378 7 9 -0.125 0.248039 82.334 0.07 47.6688 1.43429
4379 4 9 -0.384615 0.256015 82.334 0.07 47.5184 1.4091
4471 2 2 0 0.5 82.334 0.07 34.2556 1.509
4474 1 1 0 0.707107 82.334 0.07 37.6023 1.14792
4476 2 5 -0.428571 0.341494 82.334 0.07 -1 -1
4478 6 3 0.333333 0.31427 82.334 0.07 -1 -1
4479 11 5 0.375 0.231756 82.334 0.07 -1 -1
4482 3 4 -0.142857 0.374088 82.334 0.07 -1 -1
4486 4 2 0.333333 0.3849 82.334 0.07 -1 -1
4487 5 1 0.666667 0.30429 82.334 0.07 -1 -1
4488 1 2 -0.333333 0.544331 82.334 0.07 -1 -1
4490 4 2 0.333333 0.3849 82.334 0.07 -1 -1
4491 4 5 -0.111111 0.331269 82.334 0.07 39.3896 1.67556
4492 1 4 -0.6 0.357771 82.334 0.07 39.1892 1.66725
4493 4 1 0.6 0.357771 82.334 0.07 39.022 1.66031
4494 5 3 0.25 0.342327 82.334 0.07 39.0534 1.44129
4495 5 4 0.111111 0.331269 82.334 0.07 39.2669 1.59277
4497 2 3 -0.2 0.438178 82.334 0.07 39.4759 1.51459
4498 2 3 -0.2 0.438178 82.334 0.07 39.6961 1.70772
4503 2 8 -0.6 0.252982 82.334 0.07 39.7231 1.55506
4507 12 7 0.263158 0.221329 82.334 0.07 39.646 1.69131
4510 4 2 0.333333 0.3849 82.334 0.07 39.5788 1.68117
4512 10 6 0.25 0.242061 82.334 0.07 39.507 1.57054
4514 7 6 0.0769231 0.276528 82.334 0.07 39.3781 1.61889
4522 4 7 -0.272727 0.290081 82.334 0.07 39.2788 1.43067
4523 9 18 -0.333333 0.181444 82.334 0.07 39.272 1.40467
4524 5 8 -0.230769 0.269864 82.334 0.07 39.2657 1.6058
4526 15 5 0.5 0.193649 82.334 0.07 39.2795 1.54274
4540 7 3 0.4 0.289828 82.334 0.07 40.504 1.53097
4543 3 1 0.5 0.433013 82.334 0.07 40.7617 1.49149
4547 7 8 -0.0666667 0.257624 82.334 0.07 40.2224 1.6497
4549 13 11 0.0833333 0.203414 82.334 0.07 39.382 1.52813
4552 10 4 0.428571 0.241473 82.334 0.07 38.8396 1.59303
4554 7 7 0 0.267261 82.334 0.07 38.591 1.44921
4556 9 12 -0.142857 0.21598 82.334 0.07 38.7511 1.48906
4557 11 4 0.466667 0.22836 82.334 0.07 38.8511 1.5953
4559 5 9 -0.285714 0.25612 82.334 0.07 39.11 1.59593
4560 4 4 0 0.353553 82.334 0.07 39.2412 1.55573
4562 3 3 0 0.408248 82.334 0.07 39.7369 1.69793
4569 12 10 0.0909091 0.212318 82.334 0.07 39.7268 1.58883
4570 10 7 0.176471 0.238729 82.334 0.07 39.2106 1.55507
4571 10 8 0.111111 0.234243 82.334 0.07 39.1934 1.60071
4572 3 3 0 0.408248 82.334 0.07 39.5228 1.68957
4573 6 4 0.2 0.309839 82.334 0.07 39.6577 1.68196
4574 6 5 0.0909091 0.300263 82.334 0.07 39.534 1.59728
4575 7 4 0.272727 0.290081 82.334 0.07 39.4179 1.59059
4576 22 10 0.375 0.163876 82.334 0.07 39.2979 1.63727
4577 10 8 0.111111 0.234243 82.334 0.07 39.126 1.60854
4578 0 3 -1 0 82.334 0.07 36.7621 1.56605
4579 12 12 0 0.204124 82.334 0.07 37.3277 1.41203
4580 13 15 -0.0714286 0.1885 82.334 0.07 38.5546 1.51642
4581 11 11 0 0.213201 82.334 0.07 39.1643 1.49241
4582 11 11 0 0.213201 82.334 0.07 39.1567 1.57313
4583 11 20 -0.290323 0.171869 82.334 0.07 39.1496 1.42886
4585 5 4 0.111111 0.331269 82.334 0.07 39.1371 1.4757
4586 4 4 0 0.353553 82.334 0.07 39.1329 1.42884
4587 4 3 0.142857 0.374088 82.334 0.07 39.1278 1.52749
