#run N+ N- A_raw dA_raw beamPol dBeam targetPol dTgt
5045 0 1 -1 0 80.795 0.097 40.9793 0.05
5046 1 0 1 0 80.795 0.097 40.939 0.05
5047 3 2 0.2 0.438178 80.795 0.0433797 40.6357 0.0223607
5048 8 11 -0.157895 0.226538 80.795 0.0222533 40.126 0.0114708
5049 3 1 0.5 0.433013 80.795 0.0485 39.7993 0.025
5053 4 3 0.142857 0.374088 80.795 0.0366626 39.7013 0.0188982
5054 1 1 0 0.707107 80.795 0.0685894 39.7456 0.0353553
5086 2 2 0 0.5 80.795 0.0485 39.9778 0.025
5090 7 6 0.0769231 0.276528 80.795 0.026903 39.871 0.0138675
5091 11 12 -0.0434783 0.208317 80.795 0.0202259 38.7512 0.0104257
5093 5 8 -0.230769 0.269864 80.795 0.026903 37.6596 0.0138675
5094 1 3 -0.5 0.433013 80.795 0.0485 37.6239 0.025
5095 13 8 0.238095 0.211942 80.795 0.0211671 37.6726 0.0109109
5099 1 4 -0.6 0.357771 80.795 0.0433797 37.796 0.0223607
5100 7 4 0.272727 0.290081 80.795 0.0292466 37.8974 0.0150756
5101 3 2 0.2 0.438178 80.795 0.0433797 38.0122 0.0223607
5102 0 4 -1 0 80.795 0.0485 38.0793 0.025
5103 6 7 -0.0769231 0.276528 80.795 0.026903 38.7434 0.0138675
5104 2 5 -0.428571 0.341494 80.795 0.0366626 39.8453 0.0188982
5105 0 1 -1 0 80.795 0.097 40.4608 0.05
5106 1 3 -0.5 0.433013 80.795 0.0485 41.211 0.025
5107 10 5 0.333333 0.243432 80.795 0.0250453 35.6548 0.0129099
5108 8 5 0.230769 0.269864 80.795 0.026903 36.3051 0.0138675
5109 1 0 1 0 80.795 0.097 36.5979 0.05
5110 6 5 0.0909091 0.300263 80.795 0.0292466 36.8256 0.0150756
5112 7 1 0.75 0.233854 80.795 0.0342947 37.0132 0.0176777
5113 8 7 0.0666667 0.257624 80.795 0.0250453 37.17 0.0129099
5114 3 3 0 0.408248 80.795 0.0396001 37.213 0.0204124
5115 5 5 0 0.316228 80.795 0.0306741 37.2948 0.0158114
5116 8 8 0 0.25 80.795 0.02425 37.3949 0.0125
5120 0 1 -1 0 80.795 0.097 36.9268 0.05
5121 5 9 -0.285714 0.25612 80.795 0.0259243 36.4223 0.0133631
5122 5 4 0.111111 0.331269 80.795 0.0323333 36.1661 0.0166667
5124 3 8 -0.454545 0.268563 80.795 0.0292466 36.3633 0.0150756
5126 1 4 -0.6 0.357771 80.795 0.0433797 36.6179 0.0223607
5127 10 6 0.25 0.242061 80.795 0.02425 37.0012 0.0125
5129 5 3 0.25 0.342327 80.795 0.0342947 37.2881 0.0176777
5135 3 1 0.5 0.433013 80.795 0.0485 37.6685 0.025
5140 1 1 0 0.707107 80.795 0.0685894 39.0496 0.0353553
5142 0 2 -1 0 80.795 0.0685894 39.2023 0.0353553
5143 3 0 1 0 80.795 0.056003 39.3136 0.0288675
5145 6 5 0.0909091 0.300263 80.795 0.0292466 39.1083 0.0150756
5146 5 4 0.111111 0.331269 80.795 0.0323333 38.7935 0.0166667
5147 6 7 -0.0769231 0.276528 80.795 0.026903 39.4639 0.0138675
5148 4 3 0.142857 0.374088 80.795 0.0366626 39.1894 0.0188982
5152 6 8 -0.142857 0.26452 80.795 0.0259243 38.8478 0.0133631
5153 6 9 -0.2 0.252982 80.795 0.0250453 38.6903 0.0129099
5154 8 10 -0.111111 0.234243 80.795 0.0228631 38.5287 0.0117851
5155 1 0 1 0 80.795 0.097 38.3816 0.05
5156 1 1 0 0.707107 80.795 0.0685894 38.3127 0.0353553
5164 7 6 0.0769231 0.276528 80.795 0.026903 38.1744 0.0138675
5165 5 2 0.428571 0.341494 80.795 0.0366626 37.8708 0.0188982
5167 3 5 -0.25 0.342327 80.795 0.0342947 37.6248 0.0176777
5176 1 8 -0.777778 0.209513 80.795 0.0323333 36.8571 0.0166667
5183 5 5 0 0.316228 80.795 0.0306741 36.1755 0.0158114
5185 7 4 0.272727 0.290081 80.795 0.0292466 36.0713 0.0150756
5186 8 10 -0.111111 0.234243 80.795 0.0228631 36.5275 0.0117851
5187 2 0 1 0 80.795 0.0685894 -1 0.0353553
5188 1 2 -0.333333 0.544331 80.795 0.056003 -1 0.0288675
5301 7 0 1 0 80.795 0.0366626 36.5005 0.0188982
5302 4 4 0 0.353553 80.795 0.0342947 36.869 0.0176777
5303 5 5 0 0.316228 80.795 0.0306741 34.7913 0.0158114
5315 6 3 0.333333 0.31427 80.795 0.0323333 -1 0.0166667
5316 6 5 0.0909091 0.300263 80.795 0.0292466 -1 0.0150756
5317 3 2 0.2 0.438178 80.795 0.0433797 -1 0.0223607
5318 3 12 -0.6 0.206559 80.795 0.0250453 32.5001 0.0129099
5320 4 2 0.333333 0.3849 80.795 0.0396001 33.2217 0.0204124
5321 4 1 0.6 0.357771 80.795 0.0433797 33.7156 0.0223607
5322 6 5 0.0909091 0.300263 80.795 0.0292466 34.3986 0.0150756
5323 3 7 -0.4 0.289828 80.795 0.0306741 35.1856 0.0158114
5324 12 3 0.6 0.206559 80.795 0.0250453 35.7438 0.0129099
5364 0 1 -1 0 80.795 0.097 -1 0.05
5378 6 7 -0.0769231 0.276528 80.795 0.026903 40.5022 0.0138675
5379 5 3 0.25 0.342327 80.795 0.0342947 39.728 0.0176777
5380 6 6 0 0.288675 80.795 0.0280015 39.3176 0.0144338
5385 2 0 1 0 80.795 0.0685894 39.3513 0.0353553
5386 1 7 -0.75 0.233854 80.795 0.0342947 39.3823 0.0176777
5387 3 3 0 0.408248 80.795 0.0396001 -1 0.0204124
5388 4 2 0.333333 0.3849 80.795 0.0396001 -1 0.0204124
5406 0 8 -1 0 80.795 0.0342947 42.2333 0.0176777
5408 7 5 0.166667 0.284638 80.795 0.0280015 41.4891 0.0144338
5409 6 4 0.2 0.309839 80.795 0.0306741 40.8303 0.0158114
5411 3 1 0.5 0.433013 80.795 0.0485 40.57 0.025
5412 2 9 -0.636364 0.232583 80.795 0.0292466 40.8057 0.0150756
5414 2 1 0.333333 0.544331 80.795 0.056003 40.9681 0.0288675
5416 6 1 0.714286 0.26452 80.795 0.0366626 41.1902 0.0188982
5461 2 3 -0.2 0.438178 80.795 0.0433797 39.8273 0.0223607
5462 6 9 -0.2 0.252982 80.795 0.0250453 39.5098 0.0129099
5463 4 5 -0.111111 0.331269 80.795 0.0323333 39.3626 0.0166667
5464 5 6 -0.0909091 0.300263 80.795 0.0292466 39.5016 0.0150756
5465 3 1 0.5 0.433013 80.795 0.0485 39.572 0.025
5466 4 1 0.6 0.357771 80.795 0.0433797 39.5385 0.0223607
5467 4 3 0.142857 0.374088 80.795 0.0366626 39.4237 0.0188982
5468 4 5 -0.111111 0.331269 80.795 0.0323333 39.2583 0.0166667
5469 7 5 0.166667 0.284638 80.795 0.0280015 39.0903 0.0144338
5470 4 10 -0.428571 0.241473 80.795 0.0259243 39.0184 0.0133631
5471 5 4 0.111111 0.331269 80.795 0.0323333 38.9102 0.0166667
5472 11 9 0.1 0.222486 80.795 0.0216899 38.726 0.0111803
5476 11 2 0.692308 0.200137 80.795 0.026903 38.6135 0.0138675
5477 11 6 0.294118 0.231808 80.795 0.023526 38.7045 0.0121268
5478 4 1 0.6 0.357771 80.795 0.0433797 38.752 0.0223607
5479 1 2 -0.333333 0.544331 80.795 0.056003 38.7366 0.0288675
5480 3 9 -0.5 0.25 80.795 0.0280015 38.6133 0.0144338
5481 14 4 0.555556 0.195982 80.795 0.0228631 38.379 0.0117851
5482 2 1 0.333333 0.544331 80.795 0.056003 38.2255 0.0288675
5483 10 10 0 0.223607 80.795 0.0216899 37.3549 0.0111803
5484 7 9 -0.125 0.248039 80.795 0.02425 35.522 0.0125
5485 4 4 0 0.353553 80.795 0.0342947 34.2956 0.0176777
5486 5 3 0.25 0.342327 80.795 0.0342947 -1 0.0176777
5494 3 3 0 0.408248 80.795 0.0396001 37.8047 0.0204124
5495 4 6 -0.2 0.309839 80.795 0.0306741 38.05 0.0158114
5496 1 4 -0.6 0.357771 80.795 0.0433797 38.2838 0.0223607
5497 0 2 -1 0 80.795 0.0685894 38.4127 0.0353553
5499 3 1 0.5 0.433013 80.795 0.0485 38.4814 0.025
5501 3 5 -0.25 0.342327 80.795 0.0342947 38.6978 0.0176777
5502 8 7 0.0666667 0.257624 80.795 0.0250453 38.8843 0.0129099
5503 3 4 -0.142857 0.374088 80.795 0.0366626 42.3966 0.0188982
5504 5 2 0.428571 0.341494 80.795 0.0366626 50.4311 0.0188982
5505 13 7 0.3 0.213307 80.795 0.0216899 55.7436 0.0111803
5506 11 5 0.375 0.231756 80.795 0.02425 37.404 0.0125
5507 8 5 0.230769 0.269864 80.795 0.026903 37.7073 0.0138675
5508 9 12 -0.142857 0.21598 80.795 0.0211671 38.0232 0.0109109
5511 10 4 0.428571 0.241473 80.795 0.0259243 38.0225 0.0133631
5512 11 12 -0.0434783 0.208317 80.795 0.0202259 38.3384 0.0104257
5513 7 10 -0.176471 0.238729 80.795 0.023526 39.5586 0.0121268
5514 8 6 0.142857 0.26452 80.795 0.0259243 39.4511 0.0133631
5515 7 11 -0.222222 0.229809 80.795 0.0228631 39.3703 0.0117851
5517 3 2 0.2 0.438178 80.795 0.0433797 39.2899 0.0223607
5518 8 2 0.6 0.252982 80.795 0.0306741 39.2097 0.0158114
5519 10 7 0.176471 0.238729 80.795 0.023526 -1 0.0121268
5523 3 4 -0.142857 0.374088 80.795 0.0366626 -1 0.0188982
5524 10 6 0.25 0.242061 80.795 0.02425 38.4587 0.0125
5525 10 5 0.333333 0.243432 80.795 0.0250453 38.3675 0.0129099
5526 3 10 -0.538462 0.233709 80.795 0.026903 38.2823 0.0138675
5527 6 9 -0.2 0.252982 80.795 0.0250453 38.4107 0.0129099
5529 7 8 -0.0666667 0.257624 80.795 0.0250453 38.7509 0.0129099
5531 1 3 -0.5 0.433013 80.795 0.0485 39.1581 0.025
5532 2 3 -0.2 0.438178 80.795 0.0433797 -1 0.0223607
5533 4 0 1 0 80.795 0.0485 -1 0.025
5537 5 6 -0.0909091 0.300263 80.795 0.0292466 34.6749 0.0150756
5538 6 4 0.2 0.309839 80.795 0.0306741 35.2621 0.0158114
5539 7 5 0.166667 0.284638 80.795 0.0280015 36.3265 0.0144338
5541 6 5 0.0909091 0.300263 80.795 0.0292466 36.7062 0.0150756
5543 5 4 0.111111 0.331269 80.795 0.0323333 37.0874 0.0166667
5544 6 7 -0.0769231 0.276528 80.795 0.026903 37.1002 0.0138675
5545 3 5 -0.25 0.342327 80.795 0.0342947 36.9406 0.0176777
5548 3 3 0 0.408248 80.795 0.0396001 37.8552 0.0204124
5549 0 1 -1 0 80.795 0.097 38.0782 0.05
5550 2 5 -0.428571 0.341494 80.795 0.0366626 38.3737 0.0188982
5571 1 3 -0.5 0.433013 80.795 0.0485 43.1197 0.025
5572 4 5 -0.111111 0.331269 80.795 0.0323333 42.5589 0.0166667
5573 7 9 -0.125 0.248039 80.795 0.02425 41.8412 0.0125
5574 10 9 0.0526316 0.229098 80.795 0.0222533 40.9999 0.0114708
5575 6 7 -0.0769231 0.276528 80.795 0.026903 40.4736 0.0138675
5576 16 11 0.185185 0.189121 80.795 0.0186677 -1 0.0096225
5577 7 8 -0.0666667 0.257624 80.795 0.0250453 -1 0.0129099
5578 5 8 -0.230769 0.269864 80.795 0.026903 -1 0.0138675
5579 3 7 -0.4 0.289828 80.795 0.0306741 -1 0.0158114
5580 3 4 -0.142857 0.374088 80.795 0.0366626 -1 0.0188982
5581 3 1 0.5 0.433013 80.795 0.0485 -1 0.025
5582 5 2 0.428571 0.341494 80.795 0.0366626 -1 0.0188982
5583 3 2 0.2 0.438178 80.795 0.0433797 40.3249 0.0223607
5584 8 6 0.142857 0.26452 80.795 0.0259243 40.1958 0.0133631
5586 4 3 0.142857 0.374088 80.795 0.0366626 39.8565 0.0188982
5589 2 0 1 0 80.795 0.0685894 39.4854 0.0353553
5592 4 6 -0.2 0.309839 80.795 0.0306741 39.4303 0.0158114
5593 2 3 -0.2 0.438178 80.795 0.0433797 39.4027 0.0223607
5596 3 3 0 0.408248 80.795 0.0396001 39.3591 0.0204124
5597 5 7 -0.166667 0.284638 80.795 0.0280015 39.3105 0.0144338
5598 9 7 0.125 0.248039 80.795 0.02425 38.7786 0.0125
5599 8 8 0 0.25 80.795 0.02425 38.0819 0.0125
5600 7 9 -0.125 0.248039 80.795 0.02425 37.1727 0.0125
5601 1 6 -0.714286 0.26452 80.795 0.0366626 36.7392 0.0188982
5602 9 12 -0.142857 0.21598 80.795 0.0211671 36.1955 0.0109109
5603 6 4 0.2 0.309839 80.795 0.0306741 34.974 0.0158114
5604 4 8 -0.333333 0.272166 80.795 0.0280015 34.0809 0.0144338
5605 4 4 0 0.353553 80.795 0.0342947 35.4826 0.0176777
5606 10 12 -0.0909091 0.212318 80.795 0.0206805 35.9442 0.01066
5608 8 13 -0.238095 0.211942 80.795 0.0211671 35.9616 0.0109109
5609 8 12 -0.2 0.219089 80.795 0.0216899 36.0376 0.0111803
5611 12 8 0.2 0.219089 80.795 0.0216899 36.1469 0.0111803
5612 14 11 0.12 0.198555 80.795 0.0194 36.3324 0.01
5613 4 4 0 0.353553 80.795 0.0342947 36.5609 0.0176777
5614 8 10 -0.111111 0.234243 80.795 0.0228631 36.7842 0.0117851
5615 0 2 -1 0 80.795 0.0685894 37.0483 0.0353553
5616 6 7 -0.0769231 0.276528 80.795 0.026903 37.2135 0.0138675
5617 3 0 1 0 80.795 0.056003 37.635 0.0288675
5619 1 9 -0.8 0.189737 80.795 0.0306741 38.0873 0.0158114
5620 5 14 -0.473684 0.202045 80.795 0.0222533 38.7503 0.0114708
5621 7 4 0.272727 0.290081 80.795 0.0292466 38.9286 0.0150756
5622 1 1 0 0.707107 80.795 0.0685894 39.1651 0.0353553
5623 6 4 0.2 0.309839 80.795 0.0306741 40.8787 0.0158114
5624 6 5 0.0909091 0.300263 80.795 0.0292466 40.5243 0.0150756
5625 14 9 0.217391 0.203528 80.795 0.0202259 39.6182 0.0104257
5626 12 4 0.5 0.216506 80.795 0.02425 38.9702 0.0125
5627 2 2 0 0.5 80.795 0.0485 38.7303 0.025
5628 6 1 0.714286 0.26452 80.795 0.0366626 38.5866 0.0188982
5629 7 7 0 0.267261 80.795 0.0259243 38.4119 0.0133631
5630 19 18 0.027027 0.164339 80.795 0.0159467 38.3124 0.00821995
5632 5 12 -0.411765 0.22102 80.795 0.023526 38.1953 0.0121268
5633 1 3 -0.5 0.433013 80.795 0.0485 38.2577 0.025
5634 7 7 0 0.267261 80.795 0.0259243 38.5883 0.0133631
5654 1 3 -0.5 0.433013 80.795 0.0485 37.7374 0.025
5655 3 0 1 0 80.795 0.056003 37.2052 0.0288675
5659 6 3 0.333333 0.31427 80.795 0.0323333 37.3569 0.0166667
5660 2 1 0.333333 0.544331 80.795 0.056003 37.2704 0.0288675
5661 5 5 0 0.316228 80.795 0.0306741 37.0562 0.0158114
5663 14 7 0.333333 0.205738 80.795 0.0211671 36.7341 0.0109109
5664 3 5 -0.25 0.342327 80.795 0.0342947 36.2702 0.0176777
5665 10 6 0.25 0.242061 80.795 0.02425 35.9122 0.0125
5666 9 7 0.125 0.248039 80.795 0.02425 35.694 0.0125
5667 9 9 0 0.235702 80.795 0.0228631 35.6716 0.0117851
5670 0 2 -1 0 80.795 0.0685894 35.7362 0.0353553
5671 4 10 -0.428571 0.241473 80.795 0.0259243 35.9747 0.0133631
5672 3 10 -0.538462 0.233709 80.795 0.026903 35.886 0.0138675
5673 9 10 -0.0526316 0.229098 80.795 0.0222533 35.6141 0.0114708
5674 8 4 0.333333 0.272166 80.795 0.0280015 35.3987 0.0144338
5675 2 4 -0.333333 0.3849 80.795 0.0396001 35.257 0.0204124
5676 11 4 0.466667 0.22836 80.795 0.0250453 35.2786 0.0129099
5678 6 1 0.714286 0.26452 80.795 0.0366626 35.3161 0.0188982
5679 6 3 0.333333 0.31427 80.795 0.0323333 35.3671 0.0166667
5683 4 10 -0.428571 0.241473 80.795 0.0259243 35.4161 0.0133631
5685 4 3 0.142857 0.374088 80.795 0.0366626 35.4403 0.0188982
5686 0 1 -1 0 80.795 0.097 35.3403 0.05
5688 2 2 0 0.5 80.795 0.0485 35.2306 0.025
5690 14 2 0.75 0.165359 80.795 0.02425 34.9484 0.0125
5691 7 4 0.272727 0.290081 80.795 0.0292466 34.7038 0.0150756
5692 7 8 -0.0666667 0.257624 80.795 0.0250453 34.4392 0.0129099
5693 6 9 -0.2 0.252982 80.795 0.0250453 34.1517 0.0129099
5694 7 9 -0.125 0.248039 80.795 0.02425 33.9648 0.0125
5696 9 9 0 0.235702 80.795 0.0228631 34.0814 0.0117851
5697 5 9 -0.285714 0.25612 80.795 0.0259243 34.2811 0.0133631
5698 8 13 -0.238095 0.211942 80.795 0.0211671 34.5591 0.0109109
5699 6 5 0.0909091 0.300263 80.795 0.0292466 34.4792 0.0150756
5700 4 0 1 0 80.795 0.0485 34.4141 0.025
5702 9 7 0.125 0.248039 80.795 0.02425 35.1509 0.0125
5703 1 1 0 0.707107 80.795 0.0685894 35.9359 0.0353553
5704 6 5 0.0909091 0.300263 80.795 0.0292466 36.3207 0.0150756
5705 7 10 -0.176471 0.238729 80.795 0.023526 36.5026 0.0121268
5706 9 7 0.125 0.248039 80.795 0.02425 36.2192 0.0125
5707 10 12 -0.0909091 0.212318 80.795 0.0206805 35.9769 0.01066
5708 2 7 -0.555556 0.27716 80.795 0.0323333 35.6993 0.0166667
5709 12 10 0.0909091 0.212318 80.795 0.0206805 35.5872 0.01066
5710 6 3 0.333333 0.31427 80.795 0.0323333 35.6319 0.0166667
5711 5 7 -0.166667 0.284638 80.795 0.0280015 35.6862 0.0144338
5712 1 2 -0.333333 0.544331 80.795 0.056003 37.1461 0.0288675
5713 7 4 0.272727 0.290081 80.795 0.0292466 37.227 0.0150756
5714 12 9 0.142857 0.21598 80.795 0.0211671 36.651 0.0109109
5717 5 4 0.111111 0.331269 80.795 0.0323333 36.1903 0.0166667
5718 4 6 -0.2 0.309839 80.795 0.0306741 36.3591 0.0158114
5721 6 2 0.5 0.306186 80.795 0.0342947 36.5671 0.0176777
5722 6 5 0.0909091 0.300263 80.795 0.0292466 36.5121 0.0150756
5723 13 5 0.444444 0.211144 80.795 0.0228631 36.1154 0.0117851
5724 5 14 -0.473684 0.202045 80.795 0.0222533 41.7904 0.0114708
5725 10 7 0.176471 0.238729 80.795 0.023526 51.2846 0.0121268
5726 2 3 -0.2 0.438178 80.795 0.0433797 60.715 0.0223607
5727 9 5 0.285714 0.25612 80.795 0.0259243 34.6209 0.0133631
5728 3 4 -0.142857 0.374088 80.795 0.0366626 34.7386 0.0188982
5730 5 5 0 0.316228 80.795 0.0306741 34.8643 0.0158114
5732 6 8 -0.142857 0.26452 80.795 0.0259243 35.0187 0.0133631
5733 7 11 -0.222222 0.229809 80.795 0.0228631 35.0795 0.0117851
5734 6 6 0 0.288675 80.795 0.0280015 35.136 0.0144338
5735 2 3 -0.2 0.438178 80.795 0.0433797 35.2093 0.0223607
5736 2 3 -0.2 0.438178 80.795 0.0433797 35.4028 0.0223607
5737 1 1 0 0.707107 80.795 0.0685894 35.554 0.0353553
5739 5 7 -0.166667 0.284638 80.795 0.0280015 36.2438 0.0144338
5740 8 9 -0.0588235 0.242116 80.795 0.023526 36.3939 0.0121268
5741 6 8 -0.142857 0.26452 80.795 0.0259243 36.5332 0.0133631
5742 2 0 1 0 80.795 0.0685894 36.5829 0.0353553
5743 10 9 0.0526316 0.229098 80.795 0.0222533 36.4762 0.0114708
5744 13 11 0.0833333 0.203414 80.795 0.0198 36.3287 0.0102062
5745 9 13 -0.181818 0.209647 80.795 0.0206805 36.162 0.01066
5748 5 2 0.428571 0.341494 80.795 0.0366626 36.0115 0.0188982
5751 0 2 -1 0 80.795 0.0685894 35.9587 0.0353553
5752 17 8 0.36 0.18659 80.795 0.0194 35.9476 0.01
5753 0 2 -1 0 80.795 0.0685894 35.9017 0.0353553
5754 2 3 -0.2 0.438178 80.795 0.0433797 35.8618 0.0223607
5755 2 2 0 0.5 80.795 0.0485 35.801 0.025
5756 16 16 0 0.176777 80.795 0.0171473 35.6178 0.00883883
5761 10 14 -0.166667 0.201269 80.795 0.0198 35.4729 0.0102062
5762 9 7 0.125 0.248039 80.795 0.02425 35.5011 0.0125
5763 6 3 0.333333 0.31427 80.795 0.0323333 35.5598 0.0166667
5764 12 8 0.2 0.219089 80.795 0.0216899 35.6589 0.0111803
5765 5 8 -0.230769 0.269864 80.795 0.026903 35.7661 0.0138675
5768 8 13 -0.238095 0.211942 80.795 0.0211671 35.9335 0.0109109
5770 8 13 -0.238095 0.211942 80.795 0.0211671 36.1842 0.0109109
5771 1 0 1 0 80.795 0.097 -1 0.05
5773 24 7 0.548387 0.15019 80.795 0.0174217 -1 0.00898027
5778 19 19 0 0.162221 80.795 0.0157355 -1 0.00811107
5779 11 11 0 0.213201 80.795 0.0206805 35.8155 0.01066
5781 9 10 -0.0526316 0.229098 80.795 0.0222533 35.6588 0.0114708
5783 9 6 0.2 0.252982 80.795 0.0250453 35.6666 0.0129099
5784 10 12 -0.0909091 0.212318 80.795 0.0206805 35.7337 0.01066
5785 22 14 0.222222 0.162499 80.795 0.0161667 35.5989 0.00833333
5805 6 0 1 0 80.795 0.0396001 44.9664 0.0204124
5809 7 10 -0.176471 0.238729 80.795 0.023526 44.2484 0.0121268
5810 3 0 1 0 80.795 0.056003 44.1439 0.0288675
5811 0 1 -1 0 80.795 0.097 44.2709 0.05
5815 10 8 0.111111 0.234243 80.795 0.0228631 44.8603 0.0117851
5816 10 6 0.25 0.242061 80.795 0.02425 44.1493 0.0125
5818 5 13 -0.444444 0.211144 80.795 0.0228631 43.1443 0.0117851
5819 10 4 0.428571 0.241473 80.795 0.0259243 42.7644 0.0133631
5820 0 1 -1 0 80.795 0.097 42.5052 0.05
5821 0 1 -1 0 80.795 0.097 44.1536 0.05
5828 8 5 0.230769 0.269864 80.795 0.026903 60.569 0.0138675
5829 10 14 -0.166667 0.201269 80.795 0.0198 42.9509 0.0102062
5830 2 6 -0.5 0.306186 80.795 0.0342947 43.37 0.0176777
5831 1 1 0 0.707107 80.795 0.0685894 43.7214 0.0353553
5832 4 2 0.333333 0.3849 80.795 0.0396001 44.0712 0.0204124
5837 10 9 0.0526316 0.229098 80.795 0.0222533 43.754 0.0114708
5838 2 2 0 0.5 80.795 0.0485 43.607 0.025
5839 4 5 -0.111111 0.331269 80.795 0.0323333 43.4107 0.0166667
5840 11 9 0.1 0.222486 80.795 0.0216899 43.3398 0.0111803
5841 14 12 0.0769231 0.195535 80.795 0.0190233 43.3255 0.00980581
5842 0 2 -1 0 80.795 0.0685894 43.3504 0.0353553
5843 2 0 1 0 80.795 0.0685894 43.4138 0.0353553
5844 2 0 1 0 80.795 0.0685894 43.5243 0.0353553
5852 0 1 -1 0 80.795 0.097 43.9266 0.05
5854 2 5 -0.428571 0.341494 80.795 0.0366626 44.0205 0.0188982
5856 8 11 -0.157895 0.226538 80.795 0.0222533 44.2476 0.0114708
5858 10 7 0.176471 0.238729 80.795 0.023526 44.2451 0.0121268
5859 13 6 0.368421 0.213278 80.795 0.0222533 43.9002 0.0114708
5860 13 6 0.368421 0.213278 80.795 0.0222533 43.459 0.0114708
5861 7 9 -0.125 0.248039 80.795 0.02425 43.1415 0.0125
5862 10 9 0.0526316 0.229098 80.795 0.0222533 43.0022 0.0114708
5863 12 13 -0.04 0.19984 80.795 0.0194 42.8814 0.01
5864 8 13 -0.238095 0.211942 80.795 0.0211671 42.7321 0.0109109
5865 8 8 0 0.25 80.795 0.02425 43.487 0.0125
5866 9 5 0.285714 0.25612 80.795 0.0259243 46.0943 0.0133631
5868 8 6 0.142857 0.26452 80.795 0.0259243 47.7964 0.0133631
5869 11 9 0.1 0.222486 80.795 0.0216899 41.2729 0.0111803
5870 12 9 0.142857 0.21598 80.795 0.0211671 41.5867 0.0109109
5871 10 7 0.176471 0.238729 80.795 0.023526 41.9004 0.0121268
5872 6 2 0.5 0.306186 80.795 0.0342947 42.1791 0.0176777
5873 4 7 -0.272727 0.290081 80.795 0.0292466 42.3438 0.0150756
5874 1 1 0 0.707107 80.795 0.0685894 42.4388 0.0353553
5875 10 5 0.333333 0.243432 80.795 0.0250453 42.5343 0.0129099
5877 16 13 0.103448 0.184699 80.795 0.0180124 42.6334 0.00928477
5879 4 3 0.142857 0.374088 80.795 0.0366626 42.6175 0.0188982
5880 8 6 0.142857 0.26452 80.795 0.0259243 42.6053 0.0133631
5881 2 4 -0.333333 0.3849 80.795 0.0396001 42.64 0.0204124
5882 14 5 0.473684 0.202045 80.795 0.0222533 42.7423 0.0114708
5883 8 5 0.230769 0.269864 80.795 0.026903 42.8136 0.0138675
5884 14 17 -0.0967742 0.178762 80.795 0.0174217 42.7685 0.00898027
5885 12 9 0.142857 0.21598 80.795 0.0211671 42.5938 0.0109109
5886 6 12 -0.333333 0.222222 80.795 0.0228631 42.4302 0.0117851
5887 8 11 -0.157895 0.226538 80.795 0.0222533 42.4954 0.0114708
5888 7 11 -0.222222 0.229809 80.795 0.0228631 42.7185 0.0117851
5889 12 10 0.0909091 0.212318 80.795 0.0206805 42.9076 0.01066
5890 13 14 -0.037037 0.192318 80.795 0.0186677 42.9946 0.0096225
5891 12 6 0.333333 0.222222 80.795 0.0228631 42.9308 0.0117851
5892 7 10 -0.176471 0.238729 80.795 0.023526 42.8669 0.0121268
5893 10 7 0.176471 0.238729 80.795 0.023526 50.2316 0.0121268
5894 12 10 0.0909091 0.212318 80.795 0.0206805 62.3344 0.01066
5895 10 13 -0.130435 0.206733 80.795 0.0202259 41.8479 0.0104257
5896 3 4 -0.142857 0.374088 80.795 0.0366626 42.4803 0.0188982
5897 1 0 1 0 80.795 0.097 43.5126 0.05
5898 11 15 -0.153846 0.193781 80.795 0.0190233 43.1742 0.00980581
5899 18 9 0.333333 0.181444 80.795 0.0186677 42.9377 0.0096225
5901 10 12 -0.0909091 0.212318 80.795 0.0206805 43.0905 0.01066
5902 5 5 0 0.316228 80.795 0.0306741 43.2645 0.0158114
5903 6 5 0.0909091 0.300263 80.795 0.0292466 43.2406 0.0150756
5904 8 10 -0.111111 0.234243 80.795 0.0228631 42.998 0.0117851
5912 5 9 -0.285714 0.25612 80.795 0.0259243 -1 0.0133631
5914 8 11 -0.157895 0.226538 80.795 0.0222533 -1 0.0114708
5915 9 8 0.0588235 0.242116 80.795 0.023526 -1 0.0121268
5917 5 4 0.111111 0.331269 80.795 0.0323333 -1 0.0166667
5918 7 5 0.166667 0.284638 80.795 0.0280015 -1 0.0144338
5919 14 9 0.217391 0.203528 80.795 0.0202259 -1 0.0104257
5923 5 5 0 0.316228 80.795 0.0306741 -1 0.0158114
5924 1 3 -0.5 0.433013 80.795 0.0485 -1 0.025
5925 8 4 0.333333 0.272166 80.795 0.0280015 -1 0.0144338
5926 9 10 -0.0526316 0.229098 80.795 0.0222533 -1 0.0114708
5927 6 3 0.333333 0.31427 80.795 0.0323333 -1 0.0166667
5931 10 10 0 0.223607 80.795 0.0216899 -1 0.0111803
5932 3 5 -0.25 0.342327 80.795 0.0342947 -1 0.0176777
5933 9 4 0.384615 0.256015 80.795 0.026903 -1 0.0138675
5934 4 2 0.333333 0.3849 80.795 0.0396001 -1 0.0204124
5935 9 5 0.285714 0.25612 80.795 0.0259243 -1 0.0133631
5936 4 2 0.333333 0.3849 80.795 0.0396001 -1 0.0204124
5937 10 8 0.111111 0.234243 80.795 0.0228631 -1 0.0117851
5938 6 10 -0.25 0.242061 80.795 0.02425 -1 0.0125
5939 5 0 1 0 80.795 0.0433797 -1 0.0223607
5941 7 7 0 0.267261 80.795 0.0259243 -1 0.0133631
5942 2 5 -0.428571 0.341494 80.795 0.0366626 -1 0.0188982
5943 4 16 -0.6 0.178885 80.795 0.0216899 -1 0.0111803
5944 5 10 -0.333333 0.243432 80.795 0.0250453 -1 0.0129099
5945 11 9 0.1 0.222486 80.795 0.0216899 -1 0.0111803
5947 9 5 0.285714 0.25612 80.795 0.0259243 -1 0.0133631
5948 10 6 0.25 0.242061 80.795 0.02425 -1 0.0125
5949 5 1 0.666667 0.30429 80.795 0.0396001 -1 0.0204124
5950 7 5 0.166667 0.284638 80.795 0.0280015 -1 0.0144338
5951 3 8 -0.454545 0.268563 80.795 0.0292466 -1 0.0150756
5952 5 7 -0.166667 0.284638 80.795 0.0280015 -1 0.0144338
5965 2 2 0 0.5 80.795 0.0485 -1 0.025
5966 11 12 -0.0434783 0.208317 80.795 0.0202259 -1 0.0104257
5967 4 2 0.333333 0.3849 80.795 0.0396001 -1 0.0204124
5968 3 7 -0.4 0.289828 80.795 0.0306741 -1 0.0158114
5971 4 1 0.6 0.357771 80.795 0.0433797 -1 0.0223607
5974 10 9 0.0526316 0.229098 80.795 0.0222533 -1 0.0114708
5975 9 5 0.285714 0.25612 80.795 0.0259243 -1 0.0133631
5976 16 11 0.185185 0.189121 80.795 0.0186677 -1 0.0096225
5980 5 2 0.428571 0.341494 80.795 0.0366626 -1 0.0188982
5985 12 8 0.2 0.219089 80.795 0.0216899 -1 0.0111803
5986 8 8 0 0.25 80.795 0.02425 -1 0.0125
5987 6 10 -0.25 0.242061 80.795 0.02425 -1 0.0125
5988 12 7 0.263158 0.221329 80.795 0.0222533 -1 0.0114708
5989 8 2 0.6 0.252982 80.795 0.0306741 -1 0.0158114
5990 12 16 -0.142857 0.187044 80.795 0.0183313 -1 0.00944911
5991 6 18 -0.5 0.176777 80.795 0.0198 -1 0.0102062
5994 8 11 -0.157895 0.226538 80.795 0.0222533 -1 0.0114708
5995 5 5 0 0.316228 80.795 0.0306741 -1 0.0158114
5996 3 9 -0.5 0.25 80.795 0.0280015 -1 0.0144338
5997 6 7 -0.0769231 0.276528 80.795 0.026903 -1 0.0138675
5998 9 7 0.125 0.248039 80.795 0.02425 -1 0.0125
5999 14 7 0.333333 0.205738 80.795 0.0211671 -1 0.0109109
6001 11 10 0.047619 0.21797 80.795 0.0211671 -1 0.0109109
6002 0 4 -1 0 80.795 0.0485 -1 0.025
6003 14 8 0.272727 0.205119 80.795 0.0206805 -1 0.01066
6004 6 8 -0.142857 0.26452 80.795 0.0259243 -1 0.0133631
6005 9 9 0 0.235702 80.795 0.0228631 -1 0.0117851
6006 11 9 0.1 0.222486 80.795 0.0216899 -1 0.0111803
6007 5 7 -0.166667 0.284638 80.795 0.0280015 -1 0.0144338
6008 12 7 0.263158 0.221329 80.795 0.0222533 -1 0.0114708
6009 3 4 -0.142857 0.374088 80.795 0.0366626 -1 0.0188982
6010 7 8 -0.0666667 0.257624 80.795 0.0250453 -1 0.0129099
6012 5 5 0 0.316228 80.795 0.0306741 -1 0.0158114
6013 13 10 0.130435 0.206733 80.795 0.0202259 -1 0.0104257
6014 15 10 0.2 0.195959 80.795 0.0194 -1 0.01
6016 17 12 0.172414 0.182914 80.795 0.0180124 -1 0.00928477
6017 17 11 0.214286 0.184592 80.795 0.0183313 -1 0.00944911
6018 9 9 0 0.235702 80.795 0.0228631 -1 0.0117851
6019 7 5 0.166667 0.284638 80.795 0.0280015 -1 0.0144338
6020 10 12 -0.0909091 0.212318 80.795 0.0206805 -1 0.01066
6024 7 10 -0.176471 0.238729 80.795 0.023526 -1 0.0121268
6025 10 17 -0.259259 0.18587 80.795 0.0186677 -1 0.0096225
6026 8 10 -0.111111 0.234243 80.795 0.0228631 -1 0.0117851
6027 15 8 0.304348 0.198623 80.795 0.0202259 -1 0.0104257
6028 10 8 0.111111 0.234243 80.795 0.0228631 -1 0.0117851
6029 11 11 0 0.213201 80.795 0.0206805 -1 0.01066
6030 3 9 -0.5 0.25 80.795 0.0280015 -1 0.0144338
6031 4 6 -0.2 0.309839 80.795 0.0306741 -1 0.0158114
6032 4 1 0.6 0.357771 80.795 0.0433797 -1 0.0223607
6033 10 12 -0.0909091 0.212318 80.795 0.0206805 -1 0.01066
6034 9 5 0.285714 0.25612 80.795 0.0259243 -1 0.0133631
6035 6 7 -0.0769231 0.276528 80.795 0.026903 -1 0.0138675
6036 10 10 0 0.223607 80.795 0.0216899 -1 0.0111803
6037 8 12 -0.2 0.219089 80.795 0.0216899 -1 0.0111803
6038 7 9 -0.125 0.248039 80.795 0.02425 -1 0.0125
6039 12 11 0.0434783 0.208317 80.795 0.0202259 -1 0.0104257
6040 11 10 0.047619 0.21797 80.795 0.0211671 -1 0.0109109
6041 11 16 -0.185185 0.189121 80.795 0.0186677 -1 0.0096225
6042 9 9 0 0.235702 80.795 0.0228631 -1 0.0117851
6043 12 8 0.2 0.219089 80.795 0.0216899 -1 0.0111803
6044 8 5 0.230769 0.269864 80.795 0.026903 -1 0.0138675
6048 7 7 0 0.267261 80.795 0.0259243 -1 0.0133631
6050 13 9 0.181818 0.209647 80.795 0.0206805 -1 0.01066
6051 10 8 0.111111 0.234243 80.795 0.0228631 -1 0.0117851
6052 8 17 -0.36 0.18659 80.795 0.0194 -1 0.01
6053 2 3 -0.2 0.438178 80.795 0.0433797 -1 0.0223607
6060 13 15 -0.0714286 0.1885 80.795 0.0183313 -1 0.00944911
6061 15 9 0.25 0.197642 80.795 0.0198 -1 0.0102062
6062 8 5 0.230769 0.269864 80.795 0.026903 -1 0.0138675
6063 8 10 -0.111111 0.234243 80.795 0.0228631 -1 0.0117851
6064 8 5 0.230769 0.269864 80.795 0.026903 -1 0.0138675
6065 9 3 0.5 0.25 80.795 0.0280015 -1 0.0144338
6066 9 10 -0.0526316 0.229098 80.795 0.0222533 -1 0.0114708
6068 4 5 -0.111111 0.331269 80.795 0.0323333 -1 0.0166667
6069 6 2 0.5 0.306186 80.795 0.0342947 -1 0.0176777
6070 12 8 0.2 0.219089 80.795 0.0216899 -1 0.0111803
6071 8 9 -0.0588235 0.242116 80.795 0.023526 -1 0.0121268
6072 11 7 0.222222 0.229809 80.795 0.0228631 -1 0.0117851
6073 11 13 -0.0833333 0.203414 80.795 0.0198 -1 0.0102062
6074 9 8 0.0588235 0.242116 80.795 0.023526 -1 0.0121268
6075 10 5 0.333333 0.243432 80.795 0.0250453 -1 0.0129099
6076 3 3 0 0.408248 80.795 0.0396001 -1 0.0204124
6077 9 8 0.0588235 0.242116 80.795 0.023526 -1 0.0121268
6078 9 8 0.0588235 0.242116 80.795 0.023526 -1 0.0121268
6079 5 2 0.428571 0.341494 80.795 0.0366626 -1 0.0188982
6081 8 7 0.0666667 0.257624 80.795 0.0250453 -1 0.0129099
6082 12 9 0.142857 0.21598 80.795 0.0211671 -1 0.0109109
6083 14 14 0 0.188982 80.795 0.0183313 -1 0.00944911
